0.906140
0.980023
0.850071
0.541681
0.122930
-0.313687
-0.677072
-0.902444
-0.967237
-0.893014
-0.733414
-0.552873
-0.403847
-0.310403
-0.263378
-0.227995
-0.160478
-0.027307
0.179779
0.438043
0.698881
0.901776
0.992299
0.938335
0.739687
0.428376
0.059908
-0.301625
-0.600178
-0.801317
-0.898974
-0.913654
-0.882891
-0.846959
-0.834362
-0.851750
-0.881602
-0.888611
-0.832783
-0.684987
-0.439533
-0.119263
0.228957
0.547154
0.783359
0.907165
0.918449
0.846353
0.739047
0.647942
0.611759
0.645625
0.738269
0.857455
0.961031
1.009516
0.976291
0.852893
0.649009
0.388349
0.102515
-0.175286
-0.415517
-0.596211
-0.705505
-0.742742
-0.717854
-0.648676
-0.556325
-0.459604
-0.370125
-0.290138
-0.214224
-0.134614
-0.048169
0.038022
0.105318
0.127885
0.081812
-0.044153
-0.240404
-0.474465
-0.696610
-0.851802
-0.894216
-0.799702
-0.572319
-0.243267
0.136849
0.509540
0.820207
1.027362
1.108037
1.059553
0.898660
0.658871
0.386206
0.132992
-0.050419
-0.125324
-0.073736
0.095936
0.349102
0.632039
0.884441
1.053933
1.108122
1.040431
0.868264
0.624816
0.348076
0.071202
-0.182628
-0.400133
-0.574163
-0.699232
-0.769045
-0.777251
-0.720575
-0.602203
-0.433126
-0.230406
-0.013177
0.201554
0.401009
0.575591
0.715517
0.807538
0.834436
0.778752
0.629907
0.391736
0.086571
-0.246961
-0.562726
-0.819708
-0.993725
-1.083449
-1.108115
-1.097730
-1.079720
-1.067541
-1.055907
-1.024413
-0.947774
-0.808153
-0.604331
-0.354072
-0.089020
0.155342
0.350341
0.481161
0.548041
0.562041
0.538009
0.488143
0.418680
0.330404
0.221759
0.092401
-0.054720
-0.213445
-0.375991
-0.534585
-0.681988
-0.810778
-0.912421
-0.977641
-0.999014
-0.975365
-0.915900
-0.841429
-0.780586
-0.761088
-0.798489
-0.886805
-0.995533
-1.075654
-1.073842
-0.950577
-0.695640
-0.334812
0.075549
0.464884
0.770290
0.955967
1.022957
1.005479
0.955230
0.919794
0.923696
0.959649
0.993560
0.981262
0.890199
0.717109
0.494154
0.280500
0.142093
0.127168
0.246972
0.469245
0.727369
0.942026
1.047657
1.014170
0.856310
0.627691
0.402144
0.249304
0.213085
0.299991
0.480296
0.700469
0.901527
1.036726
1.083080
1.044100
0.944352
0.819037
0.702574
0.619619
0.580372
0.580336
0.603526
0.627844
0.631293
0.598111
0.523841
0.418198
0.304555
0.215223
0.182806
0.229429
0.357010
0.542287
0.739354
0.890217
0.941005
0.858874
0.643854
0.331035
-0.018333
-0.334319
-0.558603
-0.660564
-0.643580
-0.539522
-0.393882
-0.247494
-0.122031
-0.014828
0.095242
0.233639
0.413933
0.626528
0.837384
0.997739
1.061404
1.003064
0.830499
0.585791
0.334703
0.147610
0.078373
0.148094
0.338818
0.598761
0.856932
1.042287
1.101667
1.011787
0.782752
0.453260
0.079782
-0.276873
-0.564087
-0.746399
-0.809492
-0.759174
-0.616406
-0.410268
-0.170974
0.075237
0.308237
0.513188
0.677850
0.789791
0.835309
0.801089
0.678415
0.468390
0.185906
-0.139782
-0.468933
-0.759084
-0.974599
-1.095060
-1.119820
-1.067243
-0.968899
-0.860654
-0.773382
-0.726087
-0.723158
-0.756140
-0.808906
-0.864308
-0.910007
-0.941700
-0.962905
-0.981553
-1.004758
-1.033780
-1.061244
-1.071973
-1.047575
-0.973382
-0.845183
-0.672848
-0.478829
-0.291389
-0.134672
-0.019426
0.061595
0.131008
0.217335
0.342144
0.509147
0.700331
0.881493
1.015579
1.078478
1.070308
1.016626
0.958063
0.932043
0.954142
1.007565
1.046311
1.011978
0.858195
0.572772
0.187939
-0.226646
-0.586439
-0.821843
-0.903642
-0.853579
-0.735319
-0.628883
-0.598416
-0.666173
-0.803356
-0.941884
-1.002845
-0.930474
-0.718188
-0.415869
-0.114912
0.083892
0.107786
-0.059356
-0.368179
-0.718354
-0.991393
-1.089908
-0.969423
-0.651734
-0.215947
0.228545
0.576693
0.757631
0.750148
0.580437
0.305622
-0.008657
-0.307372
-0.555705
-0.738006
-0.849970
-0.890284
-0.857126
-0.751239
-0.583100
-0.378898
-0.180285
-0.035895
0.013047
-0.052719
-0.222262
-0.456585
-0.700731
-0.901054
-1.020652
-1.047015
-0.989644
-0.870016
-0.709493
-0.521190
-0.309194
-0.074423
0.177080
0.428877
0.655510
0.830510
0.937285
0.977296
0.970959
0.950103
0.944743
0.969777
1.017276
1.057710
1.049646
0.954240
0.749245
0.438107
0.051846
-0.355950
-0.719156
-0.971797
-1.061384
-0.961180
-0.679368
-0.262483
0.209680
0.639101
0.932956
1.029871
0.920595
0.654590
0.327721
0.052934
-0.077113
-0.022104
0.191758
0.481910
0.740902
0.877418
0.850779
0.685237
0.458438
0.269172
0.197900
0.276204
0.477108
0.728896
0.945183
1.057604
1.037458
0.898616
0.682938
0.437097
0.192720
-0.041138
-0.271054
-0.503175
-0.727767
-0.913390
-1.014496
-0.989280
-0.819327
-0.521485
-0.146062
0.238327
0.566810
0.797940
0.923180
0.963261
0.954364
0.931085
0.913737
0.904530
0.892487
0.862983
0.806279
0.720907
0.611266
0.482117
0.334234
0.164355
-0.030246
-0.245400
-0.466153
-0.668578
-0.827503
-0.926876
-0.967464
-0.967249
-0.953176
-0.947167
-0.952706
-0.948879
-0.895896
-0.751242
-0.490524
-0.124245
0.297217
0.693841
0.978632
1.084736
0.986943
0.709520
0.317635
-0.104041
-0.477223
-0.750852
-0.910005
-0.971244
-0.968240
-0.934795
-0.892437
-0.846598
-0.790986
-0.716073
-0.616424
-0.493191
-0.351413
-0.195009
-0.023638
0.165598
0.371748
0.582338
0.769391
0.892984
0.912636
0.802678
0.565024
0.233056
-0.136208
-0.479372
-0.746612
-0.915992
-0.996048
-1.015641
-1.005867
-0.982446
-0.936980
-0.841359
-0.663574
-0.387812
-0.029441
0.362407
0.716641
0.962040
1.050419
0.971863
0.756231
0.460881
0.150219
-0.124528
-0.337663
-0.489897
-0.599246
-0.687388
-0.768094
-0.842422
-0.901699
-0.935519
-0.940056
-0.922328
-0.898536
-0.887532
-0.902677
-0.945820
-1.005773
-1.061547
-1.088585
-1.065398
-0.978367
-0.823757
-0.607319
-0.342651
-0.049393
0.248284
0.523174
0.747158
0.894337
0.945003
0.889608
0.731660
0.488562
0.190002
-0.125917
-0.418126
-0.648706
-0.788644
-0.822274
-0.749469
-0.585023
-0.355067
-0.091207
0.176106
0.423036
0.634883
0.804940
0.930461
1.007914
1.030220
0.987986
0.874845
0.694918
0.468778
0.234314
0.040550
-0.064706
-0.049622
0.089649
0.324478
0.599010
0.843956
0.994682
1.007908
0.871984
0.608152
0.263226
-0.103289
-0.433528
-0.683251
-0.829153
-0.870796
-0.827765
-0.733270
-0.625627
-0.539130
-0.496018
-0.501420
-0.542890
-0.595196
-0.629374
-0.623311
-0.570020
-0.480219
-0.377792
-0.289641
-0.234103
-0.213017
-0.211321
-0.204763
-0.172568
-0.109293
-0.030075
0.033811
0.047746
-0.010421
-0.138708
-0.309150
-0.477245
-0.599074
-0.648847
-0.629187
-0.569506
-0.513061
-0.498354
-0.543049
-0.637468
-0.750415
-0.844430
-0.893462
-0.894771
-0.869623
-0.852358
-0.872674
-0.939026
-1.030579
-1.101573
-1.096698
-0.971633
-0.710925
-0.336555
0.095659
0.510280
0.831954
1.004213
1.002034
0.835483
0.544766
0.189328
-0.165501
-0.460958
-0.654140
-0.723011
-0.667002
-0.503860
-0.263942
0.016459
0.301061
0.557501
0.758748
0.882731
0.911818
0.833920
0.646123
0.360076
0.006556
-0.364071
-0.688041
-0.901161
-0.955567
-0.834827
-0.561466
-0.193018
0.193293
0.522683
0.744211
0.843832
0.844411
0.793059
0.741026
0.724230
0.752015
0.807972
0.861620
0.885088
0.867128
0.818270
0.765000
0.735915
0.746293
0.788224
0.831008
0.831987
0.753518
0.579040
0.321563
0.020945
-0.269151
-0.499605
-0.642459
-0.699475
-0.699476
-0.685584
-0.697220
-0.753616
-0.844989
-0.934717
-0.971965
-0.910498
-0.727232
-0.434009
-0.078214
0.268522
0.530395
0.650090
0.606819
0.423733
0.162032
-0.096626
-0.273925
-0.317258
-0.213459
0.010353
0.298569
0.586886
0.822731
0.979020
1.056775
1.076655
1.063820
1.033083
0.980897
0.887587
0.728614
0.489739
0.179015
-0.170081
-0.506349
-0.776708
-0.943912
-0.998977
-0.963322
-0.879889
-0.796962
-0.751345
-0.757463
-0.806227
-0.873166
-0.931557
-0.964459
-0.970545
-0.961844
-0.955282
-0.962589
-0.983630
-1.006198
-1.011979
-0.985513
-0.921508
-0.826942
-0.717048
-0.607361
-0.506005
-0.410243
-0.309206
-0.191672
-0.055154
0.088201
0.212113
0.283412
0.273346
0.168488
-0.023112
-0.272832
-0.538862
-0.777042
-0.951143
-1.039337
-1.035599
-0.946929
-0.788600
-0.579739
-0.340469
-0.090542
0.151537
0.369833
0.552935
0.695745
0.799924
0.872204
0.920979
0.952595
0.969304
0.970046
0.953786
0.923498
0.888138
0.860744
0.852551
0.865506
0.886838
0.889243
0.838006
0.703286
0.473047
0.161107
-0.193728
-0.538045
-0.820312
-1.007207
-1.093269
-1.099866
-1.063837
-1.020464
-0.987994
-0.960284
-0.910880
-0.806921
-0.627086
-0.375816
-0.087442
0.182225
0.374218
0.447842
0.396991
0.254781
0.084254
-0.041944
-0.065887
0.035867
0.243982
0.502351
0.736159
0.875628
0.877302
0.735907
0.483455
0.176841
-0.120873
-0.358546
-0.508395
-0.567878
-0.553076
-0.487832
-0.394016
-0.286944
-0.176985
-0.074991
0.002801
0.034466
-0.001697
-0.117008
-0.302827
-0.527077
-0.740280
-0.890421
-0.941628
-0.889101
-0.763388
-0.621010
-0.523955
-0.515584
-0.602506
-0.750142
-0.894477
-0.965911
-0.916301
-0.738582
-0.471409
-0.186939
0.033492
0.126634
0.067574
-0.123802
-0.391425
-0.662481
-0.870069
-0.971296
-0.955821
-0.843909
-0.676684
-0.503089
-0.367751
-0.302274
-0.320580
-0.417739
-0.571616
-0.747169
-0.903453
-1.002989
-1.021797
-0.957294
-0.830746
-0.682263
-0.558850
-0.498999
-0.519320
-0.608500
-0.731455
-0.842492
-0.902585
-0.893935
-0.825991
-0.730575
-0.648289
-0.612058
-0.634692
-0.705482
-0.796755
-0.876986
-0.924367
-0.934825
-0.921294
-0.905174
-0.904503
-0.924594
-0.955603
-0.977960
-0.972845
-0.932479
-0.865147
-0.792441
-0.739819
-0.724908
-0.748914
-0.795293
-0.836436
-0.845592
-0.808864
-0.732049
-0.639376
-0.564610
-0.538174
-0.575474
-0.670880
-0.799326
-0.924383
-1.009314
-1.026877
-0.964789
-0.825949
-0.624737
-0.381948
-0.120713
0.135511
0.363440
0.540515
0.647034
0.670193
0.608867
0.476853
0.302309
0.122373
-0.026076
-0.116726
-0.141565
-0.113071
-0.059765
-0.016561
-0.013297
-0.065585
-0.171171
-0.312835
-0.466267
-0.609421
-0.729344
-0.823670
-0.896332
-0.949706
-0.977157
-0.960099
-0.871998
-0.688798
-0.402248
-0.030725
0.377643
0.752327
1.017199
1.111918
1.010743
0.731935
0.333919
-0.100963
-0.489683
-0.770715
-0.917553
-0.939400
-0.869929
-0.749678
-0.609867
-0.464333
-0.312247
-0.149132
0.020207
0.174206
0.277281
0.292580
0.199482
0.007662
-0.239594
-0.475833
-0.632724
-0.664249
-0.564130
-0.369150
-0.146617
0.029510
0.104732
0.062533
-0.071292
-0.239401
-0.373885
-0.419133
-0.348303
-0.168421
0.086072
0.367253
0.629017
0.838291
0.979358
1.051673
1.063849
1.027212
0.951463
0.843374
0.708063
0.551493
0.382993
0.216823
0.072265
-0.028150
-0.062468
-0.014976
0.117346
0.319567
0.557232
0.780424
0.933743
0.970130
0.864416
0.621880
0.278340
-0.108698
-0.474985
-0.765413
-0.945466
-1.005016
-0.954589
-0.817314
-0.621055
-0.394136
-0.165291
0.034468
0.171816
0.215792
0.147072
-0.031544
-0.288870
-0.567955
-0.798891
-0.918565
-0.890472
-0.716942
-0.438669
-0.121408
0.165140
0.368208
0.464950
0.463508
0.393256
0.289589
0.180189
0.078051
-0.017252
-0.112626
-0.213631
-0.320158
-0.427304
-0.529853
-0.626621
-0.721086
-0.817107
-0.911671
-0.988985
-1.020265
-0.971174
-0.815265
-0.548370
-0.197682
0.179205
0.506394
0.709613
0.737615
0.577947
0.261996
-0.142122
-0.546306
-0.863613
-1.027889
-1.007111
-0.808083
-0.472530
-0.066503
0.334036
0.658486
0.855044
0.900035
0.801493
0.596192
0.340485
0.096754
-0.081460
-0.162008
-0.141082
-0.042760
0.088595
0.200820
0.247773
0.200796
0.055115
-0.169939
-0.436268
-0.696077
-0.902267
-1.017914
-1.023042
-0.917630
-0.720474
-0.464207
-0.187514
0.073779
0.294552
0.465049
0.590870
0.688137
0.775218
0.863701
0.951800
1.022716
1.048876
1.000900
0.858453
0.619255
0.303165
-0.050207
-0.389686
-0.664041
-0.833332
-0.876893
-0.796024
-0.611303
-0.355961
-0.067813
0.217871
0.472924
0.677835
0.821001
0.896964
0.904893
0.848005
0.733789
0.574267
0.385376
0.184879
-0.010983
-0.191024
-0.351330
-0.494789
-0.627503
-0.752970
-0.866191
-0.950449
-0.979017
-0.922404
-0.759572
-0.489500
-0.138521
0.240377
0.577657
0.804808
0.874288
0.775245
0.539155
0.232575
-0.061427
-0.267493
-0.339934
-0.275026
-0.109516
0.093969
0.269290
0.368999
0.378703
0.319018
0.235236
0.179214
0.190492
0.283409
0.444181
0.637924
0.821987
0.960109
1.032311
1.037856
0.991421
0.915229
0.830733
0.752694
0.686993
0.631587
0.579089
0.519541
0.442727
0.340269
0.208156
0.049824
-0.121063
-0.279839
-0.393806
-0.429579
-0.363568
-0.192428
0.060563
0.346597
0.601016
0.759613
0.776871
0.640214
0.375249
0.039738
-0.292240
-0.551133
-0.691275
-0.702704
-0.611943
-0.471806
-0.343854
-0.279270
-0.304216
-0.414003
-0.577403
-0.749098
-0.885759
-0.960244
-0.969279
-0.932314
-0.882319
-0.852043
-0.860887
-0.907123
-0.968427
-1.010549
-1.000929
-0.922148
-0.779994
-0.602826
-0.432123
-0.307426
-0.251159
-0.259048
-0.299947
-0.325557
-0.286924
-0.152109
0.081042
0.381490
0.692248
0.946059
1.084654
1.075699
0.922485
0.663683
0.363513
0.095226
-0.077403
-0.115640
-0.014391
0.198204
0.469850
0.739134
0.952273
1.076786
1.108219
1.068163
0.994512
0.927448
0.896010
0.909777
0.958384
1.018327
1.064053
1.078591
1.059468
1.017861
0.971874
0.937412
0.920869
0.916992
0.912515
0.893641
0.853547
0.796345
0.735720
0.689052
0.669965
0.682815
0.721410
0.772072
0.818983
0.848890
0.852875
0.824959
0.759209
0.648117
0.484319
0.265757
0.002076
-0.281337
-0.544780
-0.742131
-0.833270
-0.796721
-0.637686
-0.388114
-0.098420
0.176359
0.391278
0.522301
0.570212
0.557258
0.518494
0.490998
0.503960
0.571607
0.689757
0.836012
0.973456
1.057665
1.046549
0.911551
0.647688
0.279054
-0.143025
-0.550175
-0.873548
-1.062124
-1.096796
-0.995291
-0.805978
-0.592685
-0.415859
-0.316664
-0.309037
-0.381393
-0.505789
-0.649806
-0.786133
-0.896821
-0.972174
-1.006910
-0.997087
-0.940145
-0.838146
-0.701920
-0.552976
-0.420894
-0.336212
-0.321222
-0.382405
-0.507695
-0.669732
-0.833665
-0.966281
-1.043044
-1.051052
-0.988045
-0.859518
-0.676307
-0.454130
-0.214681
0.013658
0.197707
0.305048
0.312238
0.212825
0.021688
-0.226627
-0.485564
-0.707667
-0.855225
-0.906847
-0.858461
-0.719688
-0.508572
-0.247757
0.036264
0.311642
0.540249
0.680517
0.695606
0.565417
0.298093
-0.064654
-0.452700
-0.783776
-0.986872
-1.025075
-0.909293
-0.696745
-0.473397
-0.325394
-0.309161
-0.430812
-0.642661
-0.858617
-0.983535
-0.946387
-0.725660
-0.358095
0.072230
0.460506
0.714155
0.780888
0.662719
0.412125
0.112847
-0.147094
-0.300638
-0.317228
-0.204988
-0.000995
0.244960
0.486359
0.690329
0.840345
0.932719
0.970591
0.959295
0.905257
0.817953
0.712609
0.610676
0.536493
0.510683
0.542884
0.627177
0.742578
0.858811
0.945155
0.978803
0.949467
0.858811
0.715805
0.530910
0.312427
0.066891
-0.196995
-0.463576
-0.708165
-0.900152
-1.011275
-1.026147
-0.950517
-0.812960
-0.658195
-0.533697
-0.474310
-0.490826
-0.567120
-0.667086
-0.748643
-0.779133
-0.745948
-0.658306
-0.539970
-0.416610
-0.303732
-0.200675
-0.093232
0.036570
0.198462
0.385667
0.574716
0.733884
0.836617
0.873762
0.858613
0.821908
0.798426
0.810947
0.858807
0.916666
0.944605
0.905706
0.783592
0.592216
0.373289
0.182099
0.067525
0.054613
0.136914
0.281423
0.443399
0.584161
0.683982
0.744928
0.783509
0.817816
0.856225
0.893449
0.915620
0.911107
0.880631
0.840477
0.816292
0.830007
0.886614
0.968108
1.038841
1.060849
1.012422
0.900829
0.762323
0.648174
0.602329
0.640654
0.741657
0.853730
0.916482
0.887125
0.760224
0.571783
0.385557
0.267363
0.258534
0.359937
0.533178
0.717880
0.856945
0.918543
0.905622
0.849780
0.793546
0.769999
0.789231
0.837216
0.886452
0.912193
0.905816
0.878844
0.855951
0.860871
0.902397
0.967428
1.024414
1.035587
0.972215
0.825984
0.611578
0.359839
0.105039
-0.127647
-0.328983
-0.504208
-0.664668
-0.817034
-0.955522
-1.060961
-1.107375
-1.073355
-0.953398
-0.764331
-0.543965
-0.342015
-0.206322
-0.168953
-0.236761
-0.389300
-0.584515
-0.770142
-0.897165
-0.931338
-0.859752
-0.691207
-0.451144
-0.173386
0.108428
0.367312
0.585961
0.756463
0.877804
0.952731
0.985178
0.978816
0.936518
0.860300
0.751445
0.610928
0.440599
0.245343
0.035855
-0.169173
-0.343064
-0.454627
-0.475080
-0.386789
-0.190923
0.089095
0.410261
0.718553
0.960877
1.096559
1.104843
0.986544
0.760448
0.456912
0.111640
-0.238450
-0.557291
-0.811362
-0.973025
-1.026282
-0.973458
-0.839391
-0.669450
-0.519529
-0.439679
-0.456469
-0.560991
-0.708175
-0.829272
-0.854110
-0.735550
-0.467191
-0.087594
0.330638
0.702949
0.958020
1.057280
1.002611
0.831018
0.599777
0.368509
0.184560
0.075538
0.049345
0.099154
0.209708
0.362107
0.536213
0.711498
0.867908
0.987709
1.058135
1.073483
1.035344
0.950453
0.827015
0.671377
0.486817
0.275236
0.040843
-0.206177
-0.448221
-0.662257
-0.824752
-0.917638
-0.932914
-0.874245
-0.755276
-0.595948
-0.418604
-0.245341
-0.096821
0.008317
0.054732
0.033002
-0.057042
-0.204014
-0.385678
-0.573567
-0.740547
-0.868584
-0.953260
-1.002630
-1.030336
-1.045772
-1.045734
-1.011970
-0.916710
-0.734881
-0.458326
-0.106078
0.274419
0.616864
0.853988
0.937892
0.855650
0.634517
0.334720
0.032210
-0.202814
-0.324526
-0.321556
-0.216044
-0.053099
0.114945
0.243928
0.308276
0.304184
0.246100
0.159107
0.070557
0.003599
-0.026206
-0.011546
0.047458
0.144360
0.267322
0.400268
0.525048
0.625026
0.689570
0.717884
0.720219
0.715160
0.723082
0.757772
0.819344
0.891606
0.945483
0.947735
0.872014
0.707991
0.465149
0.169820
-0.142985
-0.439404
-0.694111
-0.892614
-1.028463
-1.097933
-1.095876
-1.015750
-0.854253
-0.618365
-0.330650
-0.029187
0.239323
0.431375
0.518902
0.496904
0.383195
0.210496
0.014411
-0.177421
-0.350598
-0.502199
-0.634083
-0.745749
-0.831088
-0.881004
-0.890284
-0.864434
-0.821807
-0.788702
-0.788880
-0.832355
-0.909329
-0.993104
-1.051442
-1.061554
-1.021444
-0.951800
-0.886711
-0.857199
-0.875244
-0.926386
-0.975136
-0.981432
-0.920782
-0.798423
-0.650199
-0.528759
-0.480711
-0.524923
-0.642210
-0.781781
-0.882284
-0.898494
-0.821748
-0.684725
-0.547964
-0.473616
-0.497770
-0.613453
-0.771933
-0.901986
-0.939103
-0.852375
-0.657863
-0.413161
-0.195707
-0.074056
-0.083739
-0.216889
-0.428667
-0.656525
-0.843496
-0.955920
-0.989249
-0.961266
-0.897395
-0.815748
-0.718831
-0.595144
-0.429207
-0.214631
0.036275
0.291161
0.505565
0.637148
0.660593
0.577364
0.416658
0.227324
0.063829
-0.028725
-0.025683
0.072997
0.245806
0.457889
0.671016
0.852122
0.978493
1.039355
1.034905
0.974308
0.873732
0.754644
0.641731
0.559645
0.528291
0.557329
0.641578
0.759329
0.875105
0.946950
0.936783
0.820921
0.597544
0.288609
-0.064519
-0.410459
-0.699378
-0.893332
-0.972645
-0.937166
-0.803044
-0.596921
-0.349942
-0.093230
0.144608
0.338581
0.468211
0.519107
0.485274
0.371177
0.192166
-0.027815
-0.261173
-0.482852
-0.675495
-0.831385
-0.950195
-1.033459
-1.078371
-1.074182
-1.003679
-0.850082
-0.607061
-0.287635
0.072572
0.420542
0.699100
0.864217
0.900144
0.826214
0.691820
0.560436
0.487920
0.502983
0.597279
0.729125
0.839658
0.875287
0.807664
0.643337
0.419345
0.186829
-0.010288
-0.152387
-0.249622
-0.333359
-0.437320
-0.576867
-0.735952
-0.868315
-0.913488
-0.821683
-0.577448
-0.211863
0.202605
0.573643
0.819312
0.895511
0.810082
0.618136
0.400461
0.233481
0.162336
0.187076
0.266535
0.337352
0.339866
0.240473
0.042169
-0.219651
-0.492920
-0.728662
-0.896424
-0.989881
-1.021923
-1.013296
-0.981249
-0.933790
-0.871679
-0.795963
-0.715805
-0.651166
-0.627491
-0.663964
-0.760532
-0.890513
-1.003712
-1.040582
-0.952955
-0.723367
-0.374839
0.033642
0.425135
0.729841
0.907795
0.960375
0.926130
0.862649
0.821747
0.827880
0.868377
0.899387
0.865127
0.722846
0.463725
0.121531
-0.234439
-0.519675
-0.660839
-0.618983
-0.401774
-0.061012
0.323234
0.666134
0.901562
0.998349
0.965109
0.843265
0.691529
0.567284
0.510610
0.535280
0.628559
0.758840
0.888004
0.984293
1.031708
1.033292
1.007708
0.980569
0.973627
0.995472
1.036817
1.071973
1.066074
0.985850
0.810577
0.539937
0.196484
-0.177834
-0.529995
-0.806654
-0.964596
-0.978582
-0.845310
-0.583354
-0.229777
0.165480
0.546398
0.858110
1.054086
1.102790
0.993190
0.738183
0.374842
-0.039335
-0.434471
-0.739886
-0.897410
-0.873809
-0.669345
-0.320059
0.107508
0.528642
0.857525
1.025345
0.995262
0.770654
0.394600
-0.059232
-0.502117
-0.848565
-1.033292
-1.023413
-0.823697
-0.474358
-0.042248
0.392613
0.752727
0.978301
1.039198
0.941192
0.724760
0.455882
0.210266
0.054323
0.027788
0.133096
0.335201
0.572509
0.776059
0.891014
0.893466
0.796881
0.646044
0.500753
0.415134
0.419968
0.513962
0.666454
0.829625
0.955001
1.007917
0.975082
0.863686
0.693967
0.489463
0.269449
0.046231
-0.172722
-0.380218
-0.565722
-0.715205
-0.814995
-0.857860
-0.848261
-0.803837
-0.751739
-0.720653
-0.731236
-0.788492
-0.878969
-0.974044
-1.038305
-1.040441
-0.963135
-0.808907
-0.600053
-0.372744
-0.167019
-0.015659
0.064742
0.077851
0.045594
0.000668
-0.024060
-0.005998
0.060167
0.160976
0.268427
0.348323
0.369889
0.313789
0.176655
-0.028290
-0.273602
-0.521628
-0.729234
-0.853218
-0.857019
-0.719006
-0.441358
-0.056752
0.370900
0.754894
1.003918
1.046649
0.855743
0.462596
-0.044097
-0.538145
-0.889670
-1.002950
-0.845864
-0.460614
0.048550
0.546889
0.909542
1.057194
0.975499
0.712775
0.358290
0.010064
-0.256081
-0.405997
-0.450186
-0.431590
-0.404672
-0.414386
-0.482286
-0.603316
-0.752359
-0.896346
-1.006633
-1.067327
-1.077707
-1.049314
-1.000045
-0.947900
-0.906356
-0.882269
-0.876009
-0.883064
-0.896284
-0.908172
-0.912866
-0.907654
-0.893758
-0.876139
-0.862212
-0.859511
-0.872827
-0.901595
-0.938333
-0.968946
-0.975093
-0.938445
-0.845885
-0.694498
-0.494759
-0.270709
-0.056414
0.110957
0.200009
0.193534
0.093809
-0.077357
-0.284405
-0.488238
-0.657669
-0.778050
-0.853710
-0.902948
-0.947171
-0.998364
-1.050097
-1.076412
-1.039857
-0.906362
-0.661359
-0.320582
0.069553
0.443197
0.734619
0.899127
0.927524
0.848433
0.717400
0.596881
0.534755
0.549624
0.628219
0.735230
0.830674
0.886915
0.897875
0.876745
0.843925
0.811555
0.772737
0.701504
0.564543
0.339931
0.034286
-0.310297
-0.624164
-0.831130
-0.874845
-0.739893
-0.458642
-0.100589
0.251849
0.531435
0.706833
0.787903
0.814144
0.832049
0.871601
0.932168
0.983507
0.980858
0.886957
0.691137
0.417420
0.118546
-0.140934
-0.305175
-0.343020
-0.254109
-0.064453
0.184859
0.450172
0.694169
0.889289
1.016859
1.064923
1.027405
0.905326
0.708719
0.456898
0.175550
-0.108882
-0.375112
-0.610172
-0.808037
-0.964398
-1.070686
-1.111263
-1.066357
-0.920361
-0.672020
-0.341419
0.030351
0.389942
0.686130
0.884422
0.976204
0.979115
0.928952
0.866800
0.826437
0.826162
0.866617
0.933579
1.003224
1.047696
1.040220
0.960249
0.799346
0.567069
0.294462
0.031857
-0.161194
-0.232747
-0.157162
0.051756
0.339902
0.626905
0.831487
0.899206
0.821579
0.638366
0.421476
0.246622
0.164215
0.181388
0.262186
0.345094
0.369637
0.300285
0.137743
-0.086002
-0.324958
-0.539476
-0.709804
-0.837093
-0.932794
-1.003259
-1.038539
-1.011964
-0.891428
-0.657117
-0.317029
0.087649
0.490711
0.819902
1.019241
1.065893
0.975389
0.793972
0.581977
0.395112
0.270323
0.220132
0.235426
0.293690
0.368483
0.436891
0.483567
0.501865
0.493302
0.466399
0.435018
0.415763
0.424105
0.469739
0.552517
0.660694
0.772676
0.862045
0.904337
0.883195
0.793820
0.642794
0.444868
0.218392
-0.018720
-0.251290
-0.467327
-0.657468
-0.814517
-0.933751
-1.013877
-1.057822
-1.072507
-1.067129
-1.050361
-1.027631
-0.999655
-0.963094
-0.913227
-0.847683
-0.769656
-0.689202
-0.621779
-0.584198
-0.589108
-0.639718
-0.726575
-0.827758
-0.912876
-0.950177
-0.914967
-0.797006
-0.604554
-0.363691
-0.112850
0.106002
0.257026
0.318367
0.286270
0.174857
0.012321
-0.164929
-0.318608
-0.414428
-0.427233
-0.345354
-0.173818
0.064739
0.332838
0.585496
0.781313
0.894414
0.922906
0.889821
0.834890
0.799319
0.809206
0.864734
0.940478
0.997572
1.002948
0.947004
0.850879
0.758754
0.717376
0.751554
0.847169
0.950842
0.988344
0.895128
0.646164
0.271480
-0.150600
-0.521024
-0.757495
-0.826158
-0.753819
-0.615194
-0.500455
-0.476869
-0.560739
-0.711301
-0.848543
-0.886773
-0.769489
-0.491287
-0.098920
0.327171
0.701598
0.960596
1.076460
1.056463
0.929946
0.731760
0.490161
0.223454
-0.055716
-0.333405
-0.590421
-0.804443
-0.957194
-1.042356
-1.069274
-1.059822
-1.039507
-1.027151
-1.028382
-1.036141
-1.037733
-1.024477
-0.998565
-0.973152
-0.965212
-0.984586
-1.024745
-1.060316
-1.053381
-0.966454
-0.776991
-0.487471
-0.127017
0.255944
0.606921
0.879422
1.045065
1.097116
1.047811
0.922000
0.750373
0.564550
0.394569
0.267566
0.205945
0.223871
0.322501
0.485768
0.679258
0.854125
0.956410
0.940065
0.780316
0.483302
0.088580
-0.337154
-0.714366
-0.969791
-1.055499
-0.962598
-0.725270
-0.413318
-0.114480
0.088959
0.142725
0.035462
-0.198875
-0.492266
-0.764307
-0.947465
-1.007650
-0.953161
-0.828993
-0.698500
-0.618995
-0.620021
-0.692151
-0.790303
-0.850324
-0.812674
-0.644605
-0.352778
0.018025
0.399362
0.721309
0.934276
1.022888
1.007509
0.933664
0.853822
0.808420
0.812755
0.853732
0.896658
0.898811
0.824473
0.656374
0.400316
0.082634
-0.257473
-0.577388
-0.839173
-1.014552
-1.086662
-1.049771
-0.908389
-0.676741
-0.378431
-0.045400
0.284927
0.574692
0.792109
0.917645
0.947685
0.894087
0.779423
0.629301
0.464417
0.295256
0.121419
-0.064121
-0.267486
-0.486101
-0.703950
-0.892160
-1.015346
-1.041888
-0.954809
-0.759365
-0.484388
-0.176441
0.111786
0.335368
0.468991
0.513001
0.491709
0.444623
0.413528
0.429671
0.505164
0.631121
0.782636
0.928381
1.041034
1.104843
1.117846
1.088515
1.028806
0.946834
0.842440
0.707538
0.531054
0.306377
0.038124
-0.254737
-0.540867
-0.783194
-0.947869
-1.012472
-0.970697
-0.832256
-0.618596
-0.356505
-0.072269
0.211637
0.476729
0.706655
0.885358
0.997284
1.030482
0.981665
0.860849
0.692685
0.512582
0.357791
0.256042
0.215887
0.222890
0.243870
0.238317
0.173017
0.034291
-0.167073
-0.400292
-0.626613
-0.813721
-0.946228
-1.027590
-1.072765
-1.095273
-1.095339
-1.055638
-0.947833
-0.748063
-0.454688
-0.099688
0.253000
0.523791
0.643474
0.579348
0.350814
0.027404
-0.291154
-0.506074
-0.550628
-0.409917
-0.122512
0.235865
0.579638
0.841123
0.988771
1.030474
1.002627
0.950794
0.910258
0.893565
0.888626
0.866504
0.794851
0.651687
0.435081
0.166313
-0.113702
-0.353408
-0.502781
-0.526057
-0.412162
-0.179978
0.123871
0.435447
0.690433
0.843043
0.880610
0.827833
0.737675
0.670736
0.669995
0.740627
0.843825
0.908660
0.859117
0.646696
0.275918
-0.188247
-0.635548
-0.944111
-1.021121
-0.835820
-0.432606
0.080871
0.566623
0.898794
1.001138
0.867254
0.557898
0.177834
-0.158633
-0.361428
-0.387240
-0.245231
0.013523
0.317151
0.596526
0.803608
0.920043
0.955311
0.937096
0.898453
0.866237
0.853965
0.860107
0.870985
0.866387
0.825725
0.733268
0.581687
0.373920
0.123636
-0.145637
-0.402878
-0.613787
-0.746805
-0.780180
-0.708415
-0.545889
-0.325771
-0.093568
0.103480
0.228197
0.262646
0.211439
0.097924
-0.045380
-0.188482
-0.313293
-0.417159
-0.509527
-0.603513
-0.706280
-0.812421
-0.903123
-0.951303
-0.930469
-0.823702
-0.629530
-0.363122
-0.053229
0.263248
0.547056
0.761502
0.876527
0.872535
0.744328
0.504369
0.183610
-0.172032
-0.510177
-0.783955
-0.963793
-1.044636
-1.045423
-1.000556
-0.946546
-0.909164
-0.896369
-0.899650
-0.902580
-0.891974
-0.865949
-0.834840
-0.814727
-0.817183
-0.841083
-0.871217
-0.885095
-0.864734
-0.807261
-0.728169
-0.654474
-0.610150
-0.600626
-0.604564
-0.578422
-0.473667
-0.260295
0.053475
0.414909
0.738398
0.932235
0.931056
0.721525
0.350966
-0.085054
-0.472145
-0.713086
-0.757666
-0.616252
-0.353185
-0.063397
0.158848
0.248358
0.185811
-0.000968
-0.249795
-0.485394
-0.641861
-0.679883
-0.594771
-0.414455
-0.189174
0.023634
0.175202
0.238116
0.212880
0.126775
0.025347
-0.041293
-0.033552
0.065515
0.244701
0.467450
0.681975
0.835389
0.887303
0.818861
0.635098
0.361048
0.034076
-0.304309
-0.614743
-0.863642
-1.025174
-1.083288
-1.034864
-0.893459
-0.691387
-0.477361
-0.307888
-0.233114
-0.280811
-0.444066
-0.678127
-0.909320
-1.054758
-1.047340
-0.857944
-0.507000
-0.060821
0.386815
0.742201
0.939484
0.959566
0.833987
0.632679
0.439852
0.326058
0.325516
0.425840
0.573119
0.690372
0.703375
0.565763
0.275798
-0.120122
-0.538232
-0.879370
-1.055974
-1.016619
-0.761217
-0.342562
0.146506
0.597039
0.912621
1.034764
0.957824
0.729007
0.433348
0.168103
0.014311
0.014319
0.162169
0.409519
0.684534
0.916754
1.059024
1.098853
1.055781
0.966756
0.866210
0.769453
0.666543
0.529178
0.327658
0.050455
-0.282365
-0.618339
-0.885713
-1.015998
-0.967452
-0.740424
-0.378568
0.044442
0.447539
0.765682
0.965714
1.049837
1.047107
0.997946
0.938700
0.892200
0.866626
0.860795
0.871274
0.896505
0.935543
0.982527
1.020986
1.022555
0.952890
0.783844
0.507439
0.145435
-0.250569
-0.610091
-0.862887
-0.959900
-0.888705
-0.678080
-0.390215
-0.103465
0.108520
0.194794
0.137500
-0.047109
-0.315645
-0.609393
-0.867337
-1.037723
-1.086696
-1.003485
-0.801934
-0.518096
-0.203699
0.084128
0.295229
0.398116
0.387610
0.285780
0.135440
-0.012030
-0.110712
-0.131526
-0.067511
0.068012
0.248701
0.444305
0.627846
0.778570
0.880756
0.920647
0.884611
0.760845
0.544770
0.245926
-0.107333
-0.468753
-0.782151
-0.994956
-1.073229
-1.012857
-0.842559
-0.616939
-0.401389
-0.253574
-0.207582
-0.265925
-0.401862
-0.570824
-0.726601
-0.836387
-0.889406
-0.896459
-0.881232
-0.867356
-0.866777
-0.874294
-0.870518
-0.831968
-0.743859
-0.610015
-0.455189
-0.318325
-0.238998
-0.242273
-0.328099
-0.469656
-0.621404
-0.733738
-0.768359
-0.708504
-0.560499
-0.347074
-0.096451
0.167188
0.427387
0.672131
0.886392
1.045834
1.116824
1.064898
0.869320
0.537577
0.112462
-0.333368
-0.715427
-0.962537
-1.039886
-0.960816
-0.782166
-0.584278
-0.442988
-0.404160
-0.470328
-0.604171
-0.746729
-0.842572
-0.861612
-0.809120
-0.720622
-0.644642
-0.620959
-0.663453
-0.754165
-0.850334
-0.900897
-0.865456
-0.728331
-0.502825
-0.225039
0.059454
0.310469
0.504170
0.636889
0.721643
0.779822
0.831769
0.889584
0.953950
1.014944
1.055533
1.056043
0.998345
0.869303
0.663631
0.386366
0.054697
-0.301622
-0.642389
-0.922251
-1.098837
-1.142091
-1.042231
-0.813572
-0.492518
-0.129695
0.221717
0.518022
0.733725
0.864357
0.922958
0.932058
0.914539
0.886938
0.857430
0.828475
0.801961
0.783501
0.782999
0.810522
0.869040
0.947575
1.018809
1.043652
0.982452
0.809428
0.524877
0.159926
-0.229048
-0.575385
-0.821812
-0.938048
-0.929966
-0.836843
-0.717520
-0.630319
-0.613816
-0.675194
-0.790005
-0.913044
-0.995976
-1.005260
-0.933946
-0.803533
-0.655723
-0.537504
-0.485159
-0.512853
-0.609422
-0.743984
-0.877711
-0.977203
-1.024623
-1.021304
-0.984181
-0.937115
-0.900884
-0.885899
-0.890190
-0.902900
-0.911264
-0.907517
-0.892686
-0.875528
-0.867444
-0.875909
-0.899825
-0.929118
-0.949021
-0.947044
-0.919337
-0.873249
-0.824628
-0.790823
-0.782414
-0.797398
-0.820464
-0.827772
-0.795165
-0.706339
-0.557729
-0.358555
-0.126812
0.116305
0.350764
0.559297
0.726690
0.838803
0.883619
0.855264
0.759748
0.619220
0.471252
0.361278
0.329372
0.395679
0.550293
0.752450
0.940551
1.050266
1.034498
0.877938
0.600984
0.251823
-0.109888
-0.431284
-0.679706
-0.846970
-0.944188
-0.990679
-1.002474
-0.985401
-0.935170
-0.843456
-0.706506
-0.531909
-0.340410
-0.162023
-0.028206
0.036702
0.021583
-0.069711
-0.220914
-0.408545
-0.607410
-0.794374
-0.949571
-1.055597
-1.096204
-1.056331
-0.924692
-0.698740
-0.390591
-0.031179
0.330148
0.632434
0.816055
0.838996
0.691537
0.403848
0.042357
-0.305782
-0.556547
-0.654029
-0.587969
-0.397248
-0.157254
0.044971
0.139229
0.094077
-0.075664
-0.318087
-0.565857
-0.761384
-0.875565
-0.913339
-0.905144
-0.889339
-0.894097
-0.926698
-0.974128
-1.013318
-1.024950
-1.003602
-0.959330
-0.910486
-0.871997
-0.845571
-0.816974
-0.761829
-0.656859
-0.490906
-0.270283
-0.016147
0.244215
0.487265
0.699002
0.873998
1.009028
1.095991
1.119465
1.061858
0.914706
0.690627
0.428909
0.189865
0.037987
0.019533
0.143562
0.374919
0.643223
0.865233
0.972285
0.932115
0.756689
0.493471
0.204538
-0.057289
-0.265231
-0.421889
-0.548928
-0.668987
-0.788806
-0.891607
-0.942157
-0.902006
-0.747750
-0.483955
-0.144892
0.215665
0.542038
0.794032
0.956828
1.039690
1.064848
1.052258
1.007527
0.918762
0.763837
0.524877
0.203301
-0.171669
-0.545598
-0.852572
-1.035496
-1.065525
-0.953237
-0.747033
-0.518922
-0.342286
-0.269190
-0.314767
-0.453771
-0.630116
-0.775858
-0.833120
-0.771788
-0.597513
-0.348027
-0.079666
0.150990
0.304197
0.367552
0.357127
0.309690
0.269291
0.273008
0.340432
0.469706
0.640425
0.821335
0.979487
1.087540
1.127396
1.090106
0.973803
0.781821
0.522698
0.212062
-0.125042
-0.453748
-0.732743
-0.921683
-0.990808
-0.929433
-0.749846
-0.484622
-0.177908
0.126287
0.394473
0.608942
0.766409
0.871437
0.928330
0.935669
0.886203
0.771950
0.591620
0.356186
0.089208
-0.178815
-0.419734
-0.616302
-0.765766
-0.876665
-0.960415
-1.022143
-1.055818
-1.046822
-0.981301
-0.857890
-0.695591
-0.532841
-0.416644
-0.385511
-0.453381
-0.601981
-0.785854
-0.948840
-1.045517
-1.058476
-1.003838
-0.922167
-0.858493
-0.839901
-0.860704
-0.882026
-0.846708
-0.703852
-0.433066
-0.058414
0.353962
0.714163
0.936195
0.964953
0.792976
0.461502
0.046185
-0.366775
-0.705566
-0.930500
-1.039549
-1.061158
-1.038077
-1.008483
-0.990942
-0.978040
-0.940360
-0.839227
-0.643868
-0.347265
0.024735
0.414677
0.745614
0.941245
0.948340
0.754496
0.395247
-0.052476
-0.489177
-0.818507
-0.971961
-0.924940
-0.699474
-0.353519
0.038706
0.408075
0.706418
0.912431
1.027426
1.064639
1.037890
0.954747
0.816659
0.624856
0.388133
0.127793
-0.123429
-0.328696
-0.457981
-0.498094
-0.457747
-0.365533
-0.261572
-0.185885
-0.167481
-0.217480
-0.327759
-0.474558
-0.625119
-0.745070
-0.804881
-0.784666
-0.677346
-0.490350
-0.245658
0.022320
0.271629
0.460294
0.555343
0.541151
0.424518
0.234509
0.016488
-0.178341
-0.305074
-0.335503
-0.263892
-0.106680
0.103461
0.327193
0.528825
0.684533
0.786471
0.842026
0.868846
0.887337
0.912982
0.950836
0.993948
1.026393
1.030002
0.992639
0.914976
0.812960
0.714372
0.650010
0.642190
0.694653
0.787909
0.882424
0.929220
0.884700
0.724755
0.453329
0.102582
-0.275170
-0.620690
-0.881699
-1.023151
-1.031634
-0.914068
-0.692828
-0.399955
-0.072269
0.252299
0.538136
0.756213
0.889286
0.936566
0.915387
0.857673
0.800890
0.775638
0.794218
0.844880
0.894751
0.901194
0.827821
0.659319
0.409432
0.119045
-0.154909
-0.355618
-0.441903
-0.398126
-0.236051
0.010642
0.296287
0.573982
0.804412
0.961583
1.035566
1.032798
0.974127
0.890306
0.814804
0.774804
0.782647
0.831027
0.894664
0.939102
0.934149
0.866886
0.748526
0.611337
0.495950
0.433776
0.431937
0.467673
0.495406
0.464241
0.338878
0.115139
-0.176652
-0.482044
-0.742299
-0.915342
-0.989176
-0.982572
-0.933569
-0.881458
-0.850586
-0.842752
-0.840862
-0.821166
-0.767761
-0.682448
-0.585666
-0.508497
-0.479842
-0.514599
-0.607866
-0.737066
-0.870471
-0.978078
-1.040527
-1.053214
-1.025107
-0.973892
-0.919830
-0.880360
-0.866374
-0.880130
-0.914543
-0.953866
-0.976264
-0.958716
-0.883872
-0.747259
-0.562219
-0.360064
-0.184112
-0.078563
-0.075371
-0.183372
-0.383538
-0.632221
-0.871552
-1.043844
-1.105778
-1.038541
-0.851745
-0.580835
-0.279271
-0.007527
0.178934
0.240824
0.163576
-0.038383
-0.322982
-0.628130
-0.884705
-1.032304
-1.033691
-0.883652
-0.609323
-0.261666
0.099214
0.420057
0.666577
0.828174
0.914704
0.947708
0.950309
0.939823
0.925226
0.909144
0.891996
0.875428
0.863162
0.859242
0.865353
0.879305
0.895981
0.910410
0.921064
0.931151
0.946558
0.971006
1.000716
1.021567
1.010884
0.943889
0.802677
0.584058
0.302969
-0.010166
-0.317244
-0.582569
-0.781567
-0.905374
-0.960378
-0.963787
-0.937474
-0.902369
-0.874689
-0.864187
-0.873797
-0.900056
-0.934205
-0.964265
-0.978349
-0.968704
-0.935071
-0.885530
-0.833566
-0.791803
-0.764632
-0.743351
-0.706843
-0.628806
-0.489364
-0.286366
-0.040950
0.206182
0.407500
0.525964
0.549922
0.499023
0.418015
0.360399
0.368367
0.457291
0.611134
0.790503
0.949582
1.054292
1.093832
1.080822
1.040683
0.995847
0.952501
0.896341
0.799260
0.633830
0.388713
0.077802
-0.261138
-0.577755
-0.825320
-0.974916
-1.021905
-0.982761
-0.884625
-0.752986
-0.603003
-0.437787
-0.253242
-0.046092
0.179450
0.409694
0.624830
0.805550
0.939459
1.024269
1.066757
1.078560
1.071471
1.054489
1.033580
1.013266
0.998092
0.992235
0.997052
1.007950
1.013037
0.995438
0.939465
0.838514
0.701106
0.551686
0.424724
0.353565
0.358120
0.436391
0.563686
0.700376
0.805566
0.851508
0.833141
0.769078
0.693676
0.643459
0.643250
0.697423
0.789376
0.889027
0.964799
0.994992
0.973915
0.910490
0.820461
0.716103
0.598410
0.455844
0.270692
0.030808
-0.258344
-0.567059
-0.844268
-1.030425
-1.076770
-0.964312
-0.715116
-0.390777
-0.077214
0.139954
0.201449
0.092864
-0.151013
-0.457862
-0.741653
-0.930426
-0.988508
-0.925621
-0.790243
-0.650021
-0.566597
-0.573787
-0.666431
-0.803166
-0.921418
-0.958811
-0.873537
-0.657132
-0.336123
0.037083
0.400320
0.699276
0.901170
1.000846
1.018239
0.988935
0.951295
0.934381
0.950308
0.993007
1.043210
1.077597
1.078623
1.041602
0.976548
0.904316
0.848618
0.827034
0.844483
0.891547
0.948171
0.991100
1.002049
0.973472
0.909943
0.825134
0.736123
0.657674
0.598786
0.562464
0.548019
0.554068
0.580351
0.627303
0.693834
0.774756
0.859755
0.934960
0.986861
1.007176
0.996444
0.964702
0.928659
0.906177
0.909979
0.942695
0.994840
1.046270
1.070602
1.041380
0.938499
0.753517
0.492846
0.178105
-0.156679
-0.470829
-0.724900
-0.889111
-0.950277
-0.915195
-0.809207
-0.669979
-0.538041
-0.446689
-0.414116
-0.439844
-0.506130
-0.583521
-0.638629
-0.641986
-0.574256
-0.429849
-0.217748
0.040289
0.313802
0.569534
0.778302
0.921457
0.995048
1.009919
0.987058
0.949057
0.910555
0.871354
0.815520
0.717599
0.554080
0.315754
0.015617
-0.311593
-0.618819
-0.861823
-1.014107
-1.075464
-1.070533
-1.037855
-1.014068
-1.019855
-1.053486
-1.094345
-1.114464
-1.092636
-1.024848
-0.926581
-0.826408
-0.754053
-0.728290
-0.749650
-0.800446
-0.851240
-0.870474
-0.833266
-0.726662
-0.550825
-0.317570
-0.048135
0.228687
0.478473
0.664668
0.754799
0.729042
0.588584
0.360011
0.092416
-0.153593
-0.322393
-0.379910
-0.324062
-0.184754
-0.012990
0.137073
0.226495
0.243645
0.205894
0.150987
0.121998
0.151818
0.252564
0.412786
0.602039
0.780005
0.906487
0.949531
0.890546
0.726764
0.471758
0.154317
-0.184934
-0.499906
-0.748344
-0.902314
-0.956573
-0.931062
-0.865187
-0.804516
-0.783840
-0.812803
-0.870139
-0.909704
-0.877040
-0.730735
-0.460478
-0.094498
0.307105
0.671190
0.935723
1.070149
1.084176
1.021611
0.941736
0.895635
0.906909
0.964445
1.030087
1.057914
1.017037
0.908098
0.766046
0.647188
0.605119
0.665137
0.808079
0.971361
1.068540
1.021124
0.790884
0.399839
-0.070956
-0.504833
-0.787530
-0.846110
-0.674195
-0.333764
0.067414
0.414226
0.623988
0.672503
0.596981
0.475595
0.392632
0.403501
0.513366
0.677055
0.819029
0.864341
0.767646
0.529151
0.192428
-0.173346
-0.498300
-0.733755
-0.863440
-0.901780
-0.882388
-0.843165
-0.814214
-0.812065
-0.839950
-0.891270
-0.952975
-1.007152
-1.031501
-1.000887
-0.891893
-0.690376
-0.399627
-0.045176
0.327035
0.660010
0.900098
1.011460
0.985194
0.839716
0.612525
0.346970
0.079427
-0.168195
-0.388440
-0.581948
-0.748632
-0.880916
-0.962295
-0.971743
-0.891837
-0.716975
-0.458167
-0.142551
0.192065
0.505568
0.763988
0.945619
1.043605
1.065002
1.027344
0.953954
0.869209
0.794579
0.745807
0.731461
0.752777
0.804569
0.876862
0.956799
1.030487
1.084778
1.109105
1.097539
1.050938
0.978484
0.897437
0.830075
0.797571
0.811929
0.868620
0.943169
0.994357
0.974674
0.845712
0.593714
0.239374
-0.162723
-0.536417
-0.805066
-0.914813
-0.851966
-0.647919
-0.369251
-0.095898
0.105166
0.201488
0.204155
0.161028
0.136639
0.186121
0.332700
0.556903
0.801334
0.989144
1.049523
0.941206
0.666089
0.268930
-0.175868
-0.585031
-0.887411
-1.038785
-1.027120
-0.868918
-0.600169
-0.266508
0.084141
0.405511
0.655069
0.796693
0.805594
0.675005
0.421823
0.087555
-0.268129
-0.580987
-0.799379
-0.899136
-0.890282
-0.812424
-0.719806
-0.661254
-0.662306
-0.716225
-0.787119
-0.823754
-0.778690
-0.625578
-0.368589
-0.041254
0.303989
0.611149
0.835463
0.953159
0.964165
0.888274
0.757050
0.604327
0.457733
0.332849
0.230868
0.140116
0.041233
-0.084882
-0.248318
-0.443400
-0.646850
-0.822626
-0.932870
-0.951713
-0.876775
-0.733320
-0.568373
-0.436046
-0.379139
-0.414232
-0.526381
-0.675961
-0.815027
-0.906466
-0.937860
-0.924171
-0.898233
-0.893391
-0.926165
-0.986803
-1.042107
-1.049420
-0.975654
-0.813074
-0.584831
-0.337817
-0.125772
0.010351
0.056780
0.030589
-0.028316
-0.073056
-0.066877
0.005049
0.132940
0.288646
0.437272
0.549070
0.607242
0.609725
0.565727
0.489685
0.395670
0.294222
0.191921
0.092638
-0.001053
-0.087313
-0.165290
-0.235371
-0.298461
-0.354007
-0.397518
-0.419135
-0.404795
-0.340554
-0.219149
-0.046425
0.155300
0.349139
0.491255
0.542345
0.479387
0.303517
0.040978
-0.263569
-0.559364
-0.803390
-0.971059
-1.060293
-1.087964
-1.080598
-1.063243
-1.050900
-1.045566
-1.039501
-1.022655
-0.990471
-0.948303
-0.910261
-0.892841
-0.906046
-0.945999
-0.992474
-1.012927
-0.971931
-0.842789
-0.617236
-0.309744
0.044941
0.400120
0.708475
0.932794
1.053126
1.068808
0.995643
0.859875
0.691151
0.516444
0.356170
0.222820
0.121747
0.053386
0.016041
0.008461
0.031448
0.087951
0.181373
0.312398
0.475267
0.655038
0.827401
0.962147
1.030135
1.012177
0.906970
0.734990
0.536027
0.360128
0.254042
0.247316
0.342785
0.515147
0.718647
0.901661
1.023249
1.065801
1.039085
0.974132
0.909206
0.873284
0.873411
0.891030
0.888858
0.825634
0.673093
0.428455
0.117567
-0.212454
-0.508123
-0.726191
-0.845655
-0.870987
-0.826109
-0.742350
-0.645770
-0.549114
-0.451214
-0.343307
-0.218784
-0.081610
0.050480
0.149457
0.185719
0.138482
0.003824
-0.202564
-0.448719
-0.694416
-0.901119
-1.040827
-1.101587
-1.088703
-1.021872
-0.929419
-0.841068
-0.780949
-0.762300
-0.785057
-0.837037
-0.898490
-0.948807
-0.973314
-0.967824
-0.939317
-0.902417
-0.873174
-0.862673
-0.873273
-0.898946
-0.929389
-0.955635
-0.974133
-0.986980
-0.997948
-1.006284
-1.001781
-0.964372
-0.869670
-0.699006
-0.449975
-0.142826
0.180891
0.467827
0.667577
0.747403
0.701471
0.551228
0.337027
0.104459
-0.109344
-0.284484
-0.419586
-0.526180
-0.619380
-0.709106
-0.795257
-0.868123
-0.912981
-0.916246
-0.870474
-0.776433
-0.642233
-0.480726
-0.306874
-0.136225
0.015414
0.132055
0.198638
0.203915
0.144796
0.030660
-0.114494
-0.253886
-0.344499
-0.347362
-0.239080
-0.021144
0.276255
0.598031
0.875650
1.043953
1.059126
0.912679
0.636860
0.298935
-0.015113
-0.223596
-0.272477
-0.151990
0.099031
0.403184
0.666411
0.805362
0.771676
0.565419
0.233350
-0.147232
-0.493446
-0.742048
-0.866512
-0.880669
-0.828655
-0.765712
-0.737435
-0.765023
-0.841254
-0.937479
-1.017774
-1.054034
-1.036251
-0.974654
-0.894088
-0.823869
-0.787523
-0.796050
-0.846083
-0.922186
-1.001162
-1.056443
-1.061782
-0.994715
-0.840718
-0.598118
-0.282393
0.072709
0.419680
0.707942
0.898358
0.976553
0.959232
0.889595
0.822014
0.800993
0.842484
0.925679
0.999576
1.002700
0.888584
0.646723
0.310088
-0.054381
-0.368874
-0.572261
-0.641088
-0.595809
-0.490291
-0.389566
-0.345369
-0.379360
-0.480000
-0.612844
-0.738363
-0.828763
-0.876626
-0.892628
-0.894829
-0.895703
-0.893426
-0.871396
-0.805622
-0.676033
-0.476214
-0.217350
0.074758
0.367521
0.630257
0.840076
0.983260
1.052953
1.045720
0.959649
0.795319
0.559042
0.266230
-0.057483
-0.378759
-0.662474
-0.879234
-1.012057
-1.060094
-1.038348
-0.973553
-0.897373
-0.838492
-0.815348
-0.831057
-0.871903
-0.910140
-0.911046
-0.842884
-0.687189
-0.446096
-0.143875
0.178502
0.474529
0.705487
0.851280
0.914858
0.918715
0.895030
0.873527
0.871822
0.891807
0.922764
0.949116
0.958868
0.949057
0.926293
0.902903
0.891190
0.898611
0.925823
0.967546
1.014899
1.057418
1.083845
1.082137
1.040221
0.948838
0.806419
0.624219
0.428709
0.258619
0.155896
0.152730
0.259074
0.455694
0.696283
0.918877
1.063278
1.088756
0.986058
0.779813
0.520782
0.270865
0.085857
0.001229
0.024629
0.136422
0.297129
0.459039
0.578648
0.626907
0.595106
0.495303
0.355434
0.210396
0.091500
0.017328
-0.011110
-0.009118
-0.001110
-0.009809
-0.045775
-0.101412
-0.152133
-0.164769
-0.110346
0.023463
0.225093
0.460026
0.679891
0.836626
0.896719
0.850657
0.714529
0.523678
0.321063
0.144616
0.017866
-0.053434
-0.078264
-0.072784
-0.051633
-0.021580
0.020000
0.081294
0.168482
0.277628
0.389783
0.472144
0.486032
0.399744
0.202023
-0.089147
-0.426651
-0.744681
-0.977033
-1.077425
-1.034541
-0.875883
-0.658322
-0.448361
-0.299194
-0.233262
-0.237018
-0.269851
-0.283464
-0.243638
-0.145390
-0.015227
0.100404
0.155557
0.125520
0.019076
-0.122904
-0.242087
-0.284652
-0.221772
-0.060473
0.159333
0.380305
0.549399
0.637298
0.648093
0.615567
0.587704
0.605505
0.684327
0.805080
0.918992
0.964675
0.891602
0.681546
0.359848
-0.008268
-0.335992
-0.542181
-0.578404
-0.446240
-0.198397
0.077234
0.285365
0.353355
0.253076
0.007209
-0.321589
-0.653840
-0.919561
-1.077949
-1.123957
-1.080943
-0.984276
-0.863903
-0.733418
-0.589393
-0.419655
-0.215203
0.020668
0.270414
0.507809
0.707539
0.853613
0.942499
0.980128
0.975380
0.934521
0.860152
0.755225
0.629261
0.501908
0.399991
0.347587
0.352947
0.398932
0.443152
0.430299
0.313459
0.076386
-0.252975
-0.604726
-0.886062
-1.011130
-0.930963
-0.652064
-0.236380
0.217732
0.606679
0.853789
0.931263
0.864846
0.720680
0.579989
0.510893
0.546769
0.677486
0.855016
1.010293
1.075221
1.002965
0.780976
0.433883
0.016254
-0.402183
-0.754567
-0.993388
-1.101142
-1.092504
-1.007631
-0.898623
-0.813232
-0.780670
-0.803735
-0.859483
-0.907911
-0.905625
-0.820024
-0.639650
-0.377902
-0.069617
0.237842
0.495919
0.665431
0.723886
0.668360
0.514011
0.289203
0.028701
-0.233470
-0.470002
-0.663925
-0.809218
-0.908587
-0.969402
-0.999511
-1.004629
-0.988321
-0.954334
-0.909660
-0.866106
-0.838586
-0.839847
-0.873412
-0.927926
-0.976300
-0.981413
-0.907480
-0.733479
-0.463460
-0.129242
0.216445
0.514677
0.718003
0.804860
0.785541
0.697652
0.592829
0.519566
0.508182
0.562792
0.662476
0.770489
0.847848
0.866634
0.818911
0.718973
0.598747
0.498111
0.452947
0.484260
0.591171
0.749800
0.918588
1.049031
1.099167
1.046138
0.893973
0.673897
0.436622
0.238637
0.126633
0.124881
0.229506
0.411119
0.624544
0.822037
0.965648
1.035201
1.030325
0.967185
0.872014
0.773913
0.698677
0.664462
0.679157
0.739256
0.830291
0.929205
1.008979
1.044970
1.021508
0.936441
0.801718
0.639256
0.473338
0.322433
0.193817
0.083312
-0.019731
-0.124517
-0.231717
-0.330673
-0.402439
-0.427485
-0.394655
-0.307325
-0.183906
-0.052373
0.058885
0.130107
0.155553
0.143562
0.111972
0.081452
0.069698
0.088411
0.143145
0.234576
0.359259
0.508822
0.668053
0.813762
0.916525
0.946389
0.881574
0.717388
0.471647
0.183744
-0.093351
-0.306189
-0.414989
-0.404278
-0.286557
-0.097975
0.112347
0.295734
0.415926
0.456239
0.420427
0.327790
0.204802
0.076229
-0.041487
-0.142812
-0.231366
-0.314922
-0.399260
-0.483321
-0.557598
-0.606545
-0.614218
-0.571016
-0.478748
-0.351652
-0.212484
-0.084787
0.015807
0.087688
0.143979
0.207105
0.299025
0.430889
0.596448
0.772236
0.924892
1.023129
1.049727
1.008820
0.925324
0.836376
0.777719
0.769908
0.809388
0.867790
0.899912
0.857957
0.707534
0.440431
0.080243
-0.320917
-0.693735
-0.968029
-1.089721
-1.033977
-0.811139
-0.464017
-0.057389
0.337227
0.657322
0.861371
0.934095
0.884308
0.737085
0.523760
0.273588
0.009764
-0.249729
-0.488337
-0.687442
-0.826202
-0.885963
-0.857890
-0.750374
-0.592060
-0.427712
-0.306947
-0.269030
-0.329165
-0.471658
-0.653217
-0.815853
-0.905229
-0.887968
-0.761727
-0.554402
-0.312935
-0.086018
0.092713
0.214709
0.296130
0.367500
0.457652
0.578462
0.716644
0.836170
0.890919
0.843046
0.680266
0.425246
0.132971
-0.123780
-0.276291
-0.281655
-0.136705
0.120998
0.425639
0.704759
0.902306
0.994890
0.995616
0.944607
0.890382
0.869686
0.893704
0.945898
0.991708
0.995749
0.938949
0.828454
0.696228
0.587014
0.540706
0.576294
0.683605
0.825789
0.951054
1.008840
0.964329
0.806661
0.549154
0.223170
-0.130798
-0.471151
-0.760265
-0.966776
-1.066782
-1.045792
-0.902017
-0.649749
-0.320398
0.041069
0.384769
0.667638
0.864283
0.972612
1.011553
1.011258
0.999371
0.988899
0.972684
0.926963
0.822640
0.639626
0.378220
0.062656
-0.264797
-0.556868
-0.776256
-0.906664
-0.955843
-0.950035
-0.922662
-0.902275
-0.904426
-0.930087
-0.969947
-1.011495
-1.045010
-1.065686
-1.071663
-1.060055
-1.024221
-0.954723
-0.844222
-0.694105
-0.519132
-0.346977
-0.211619
-0.142646
-0.154633
-0.241181
-0.376319
-0.522860
-0.644268
-0.715124
-0.726196
-0.682781
-0.598188
-0.486385
-0.357781
-0.219992
-0.082384
0.039223
0.121644
0.139226
0.073298
-0.078051
-0.295004
-0.539307
-0.765550
-0.936233
-1.034269
-1.067300
-1.061781
-1.049421
-1.052166
-1.072693
-1.094735
-1.092957
-1.047492
-0.955985
-0.837194
-0.724265
-0.650751
-0.636068
-0.677232
-0.750871
-0.824476
-0.871502
-0.883139
-0.871203
-0.860824
-0.876484
-0.927920
-1.002483
-1.067397
-1.080943
-1.007709
-0.831618
-0.561840
-0.230088
0.118655
0.437717
0.688384
0.845298
0.897639
0.847882
0.710050
0.508210
0.274546
0.045567
-0.144256
-0.270532
-0.326001
-0.323332
-0.291614
-0.266889
-0.279871
-0.345530
-0.458687
-0.597349
-0.732172
-0.837908
-0.901976
-0.926885
-0.926176
-0.916470
-0.909600
-0.908270
-0.906473
-0.893414
-0.858179
-0.792660
-0.691940
-0.553355
-0.376525
-0.165965
0.064236
0.286469
0.460278
0.540279
0.490723
0.302186
0.003329
-0.338880
-0.633373
-0.790747
-0.752288
-0.511513
-0.119280
0.330708
0.731652
0.998177
1.092933
1.035494
0.890583
0.740690
0.654010
0.660076
0.741805
0.845815
0.905533
0.867084
0.707771
0.441029
0.107915
-0.239261
-0.553209
-0.801268
-0.966160
-1.040556
-1.020999
-0.906430
-0.703047
-0.432738
-0.139012
0.115680
0.263796
0.254783
0.077330
-0.228128
-0.574049
-0.848764
-0.951423
-0.826922
-0.487785
-0.014032
0.469990
0.834235
0.983633
0.886669
0.582320
0.163902
-0.253282
-0.568369
-0.722814
-0.711389
-0.574934
-0.380096
-0.195183
-0.071006
-0.032087
-0.078462
-0.194197
-0.356930
-0.543961
-0.733423
-0.902246
-1.024414
-1.072664
-1.024549
-0.871037
-0.623892
-0.317980
-0.006274
0.251657
0.404405
0.421951
0.303106
0.074884
-0.215687
-0.514434
-0.773413
-0.960848
-1.065174
-1.092793
-1.061160
-0.990046
-0.894058
-0.778839
-0.641791
-0.476667
-0.279870
-0.055799
0.181166
0.409130
0.604875
0.751442
0.843883
0.890453
0.908238
0.914629
0.918164
0.913018
0.880334
0.796894
0.648182
0.440494
0.206266
-0.001066
-0.122270
-0.112827
0.038793
0.302572
0.612259
0.883560
1.039106
1.031331
0.855099
0.545968
0.165567
-0.219456
-0.556442
-0.816745
-0.994241
-1.095072
-1.125015
-1.081463
-0.954169
-0.734247
-0.426473
-0.058125
0.321219
0.650229
0.873278
0.957910
0.905147
0.748268
0.540595
0.337186
0.177771
0.077214
0.026293
0.001114
-0.023954
-0.065717
-0.128053
-0.204766
-0.286575
-0.367685
-0.448171
-0.530993
-0.615576
-0.691939
-0.739260
-0.730750
-0.643536
-0.469688
-0.223544
0.058327
0.325333
0.526861
0.627380
0.617429
0.516740
0.368429
0.226231
0.138900
0.136662
0.223791
0.379303
0.565244
0.739664
0.870025
0.942571
0.964574
0.958701
0.951554
0.960797
0.986061
1.007828
0.995542
0.922352
0.780730
0.591949
0.404114
0.277682
0.262725
0.376272
0.589302
0.829999
1.004053
1.025823
0.849362
0.487453
0.010812
-0.473100
-0.854405
-1.055934
-1.056490
-0.894278
-0.650114
-0.417683
-0.272413
-0.250172
-0.342315
-0.506671
-0.688116
-0.839543
-0.935370
-0.973959
-0.970573
-0.946032
-0.917064
-0.892102
-0.872881
-0.858992
-0.851547
-0.853271
-0.864931
-0.880573
-0.884994
-0.855954
-0.771076
-0.616846
-0.395722
-0.127868
0.153625
0.412383
0.619491
0.761199
0.840899
0.875182
0.886159
0.893382
0.908339
0.932958
0.961606
0.984887
0.993375
0.980139
0.942046
0.880428
0.801646
0.717368
0.643764
0.598728
0.597045
0.644783
0.735248
0.848907
0.958468
1.037974
1.072613
1.064920
1.033957
1.006816
1.005306
1.033219
1.070192
1.075854
1.003823
0.820715
0.522625
0.141886
-0.259608
-0.608865
-0.845519
-0.941788
-0.910914
-0.800770
-0.675207
-0.590656
-0.577208
-0.631357
-0.722575
-0.810029
-0.861653
-0.867111
-0.839251
-0.803915
-0.783370
-0.781464
-0.777869
-0.734717
-0.613266
-0.393593
-0.088542
0.254711
0.567198
0.780599
0.851161
0.775755
0.593627
0.372803
0.186077
0.085447
0.084462
0.154860
0.238563
0.270370
0.202937
0.025050
-0.233109
-0.509154
-0.728425
-0.827411
-0.772635
-0.569049
-0.256073
0.106272
0.455544
0.743001
0.942792
1.052550
1.087006
1.068524
1.018839
0.954826
0.888644
0.830411
0.790414
0.778524
0.800354
0.851890
0.915701
0.961693
0.953552
0.859518
0.663914
0.375069
0.026348
-0.330456
-0.637310
-0.843628
-0.917135
-0.849070
-0.653259
-0.360880
-0.013660
0.342257
0.661049
0.901374
1.031285
1.034331
0.915525
0.704225
0.450822
0.215813
0.053019
-0.008025
0.026202
0.112985
0.186486
0.180839
0.055406
-0.187236
-0.497976
-0.794639
-0.987982
-1.011068
-0.841388
-0.507829
-0.080341
0.353363
0.715128
0.957777
1.073560
1.088022
1.043187
0.977680
0.911695
0.842072
0.748142
0.604916
0.397567
0.131388
-0.166282
-0.452390
-0.679977
-0.811106
-0.826767
-0.731075
-0.549255
-0.320692
-0.089484
0.104943
0.235105
0.289372
0.272265
0.201520
0.102850
0.003651
-0.073053
-0.113208
-0.114000
-0.083464
-0.037675
0.003665
0.022097
0.004560
-0.054125
-0.150858
-0.275835
-0.415434
-0.555464
-0.683790
-0.791669
-0.873650
-0.926507
-0.948078
-0.936963
-0.893584
-0.822353
-0.733852
-0.645492
-0.579360
-0.556948
-0.591995
-0.683811
-0.814087
-0.949317
-1.049166
-1.078716
-1.020689
-0.883130
-0.699290
-0.518942
-0.393512
-0.359673
-0.426798
-0.572467
-0.747509
-0.889064
-0.937670
-0.853478
-0.627303
-0.283939
0.122632
0.520690
0.836210
1.008963
1.005979
0.829350
0.516252
0.130511
-0.252857
-0.566517
-0.767819
-0.848582
-0.834146
-0.771651
-0.711536
-0.689067
-0.712947
-0.765504
-0.814121
-0.828722
-0.797375
-0.732742
-0.666208
-0.632192
-0.650003
-0.712051
-0.784634
-0.821807
-0.786613
-0.670102
-0.499091
-0.328323
-0.219607
-0.216517
-0.325409
-0.511045
-0.708822
-0.848614
-0.880415
-0.791622
-0.609738
-0.390632
-0.198227
-0.084246
-0.075230
-0.169913
-0.345065
-0.564957
-0.789446
-0.978428
-1.093622
-1.100903
-0.975855
-0.712552
-0.332230
0.113404
0.548414
0.889042
1.066009
1.045059
0.837760
0.497857
0.104044
-0.264572
-0.551246
-0.734489
-0.827245
-0.864078
-0.882564
-0.906645
-0.937970
-0.957307
-0.934022
-0.838952
-0.655682
-0.386945
-0.055263
0.301126
0.635180
0.899227
1.053374
1.073319
0.956387
0.724028
0.419088
0.097223
-0.186067
-0.389302
-0.495189
-0.513403
-0.474842
-0.419596
-0.383317
-0.387227
-0.435106
-0.517291
-0.618631
-0.725838
-0.830697
-0.928310
-1.012610
-1.072974
-1.095132
-1.066828
-0.985591
-0.864066
-0.728971
-0.612713
-0.540596
-0.519333
-0.532710
-0.547318
-0.526753
-0.448445
-0.315694
-0.159241
-0.027179
0.032873
-0.008028
-0.149033
-0.359843
-0.591890
-0.795382
-0.935180
-0.999634
-1.000056
-0.962447
-0.916046
-0.883457
-0.875565
-0.891546
-0.922224
-0.954197
-0.973088
-0.965626
-0.921470
-0.835586
-0.711031
-0.560736
-0.406597
-0.274899
-0.189088
-0.162574
-0.194807
-0.272696
-0.376822
-0.489367
-0.599479
-0.702939
-0.796074
-0.867380
-0.892422
-0.836804
-0.668426
-0.375215
0.019357
0.451394
0.827427
1.049800
1.048730
0.809176
0.381433
-0.130215
-0.598096
-0.910778
-1.007641
-0.896006
-0.645005
-0.359027
-0.141083
-0.059544
-0.129636
-0.314808
-0.545304
-0.745355
-0.858176
-0.860279
-0.761755
-0.594979
-0.398173
-0.201112
-0.018079
0.150661
0.311320
0.467502
0.613992
0.735935
0.813355
0.828814
0.775096
0.660108
0.507398
0.352129
0.233528
0.185612
0.228219
0.360504
0.558624
0.778803
0.965766
1.065157
1.037076
0.867098
0.571311
0.193444
-0.205549
-0.562560
-0.827626
-0.974930
-1.006506
-0.948202
-0.839994
-0.724301
-0.635952
-0.596128
-0.610637
-0.671287
-0.758654
-0.845019
-0.897595
-0.882936
-0.773442
-0.555625
-0.238074
0.144138
0.531853
0.852409
1.036756
1.038590
0.849293
0.503272
0.071185
-0.357352
-0.696239
-0.883519
-0.893936
-0.740342
-0.464907
-0.124387
0.224963
0.538194
0.786222
0.954991
1.042025
1.053213
1.001353
0.905924
0.792302
0.688550
0.619336
0.598529
0.623437
0.673666
0.716060
0.714618
0.642085
0.488919
0.266279
0.002048
-0.268280
-0.512083
-0.707459
-0.845869
-0.929562
-0.965908
-0.961828
-0.920913
-0.843976
-0.731911
-0.588539
-0.421505
-0.240592
-0.054665
0.130631
0.312572
0.488149
0.649612
0.781609
0.862475
0.870404
0.792645
0.633833
0.419309
0.190900
-0.004133
-0.127152
-0.159681
-0.107665
0.003347
0.139994
0.274674
0.394925
0.504583
0.616542
0.740907
0.874603
0.997902
1.080104
1.092292
1.021490
0.879610
0.702614
0.539621
0.436062
0.417798
0.482727
0.603251
0.738312
0.849743
0.916020
0.937957
0.934543
0.931469
0.947772
0.986577
1.033660
1.064089
1.053632
0.989993
0.879207
0.744944
0.621233
0.541611
0.528578
0.586640
0.700769
0.840200
0.966279
1.042267
1.042911
0.961699
0.813947
0.634521
0.469930
0.366095
0.354772
0.442649
0.607082
0.800664
0.963921
1.042350
1.002047
0.838499
0.575507
0.255179
-0.076615
-0.383186
-0.643292
-0.848947
-0.997123
-1.080603
-1.083697
-0.986052
-0.773609
-0.451875
-0.054789
0.356185
0.704310
0.917840
0.951363
0.800412
0.503891
0.133323
-0.227250
-0.503756
-0.649663
-0.653655
-0.536377
-0.338980
-0.108488
0.114845
0.304715
0.449571
0.548487
0.604862
0.620871
0.594648
0.520915
0.394472
0.215022
-0.008615
-0.256679
-0.500274
-0.706879
-0.848407
-0.909516
-0.893301
-0.822006
-0.731700
-0.662080
-0.644361
-0.691274
-0.792708
-0.918737
-1.029163
-1.086475
-1.067942
-0.973035
-0.824033
-0.659896
-0.525495
-0.459211
-0.482040
-0.590598
-0.755610
-0.926528
-1.042023
-1.044916
-0.898639
-0.600986
-0.190281
0.259795
0.657504
0.918961
0.995033
0.889685
0.661746
0.407378
0.227618
0.191924
0.311363
0.532512
0.755836
0.872711
0.807515
0.548465
0.154755
-0.263419
-0.584625
-0.720530
-0.647708
-0.414867
-0.123267
0.111417
0.200608
0.111995
-0.123738
-0.429339
-0.712402
-0.898592
-0.954230
-0.891342
-0.755933
-0.606580
-0.493071
-0.443066
-0.459976
-0.529970
-0.632653
-0.749529
-0.866954
-0.973766
-1.056801
-1.098310
-1.077879
-0.978704
-0.795477
-0.539919
-0.240845
0.062119
0.329263
0.532125
0.661239
0.727401
0.755970
0.776249
0.809682
0.861066
0.915858
0.944587
0.913059
0.795004
0.582890
0.293079
-0.036732
-0.357343
-0.622077
-0.800289
-0.885575
-0.895597
-0.863483
-0.823970
-0.799686
-0.793056
-0.787240
-0.755804
-0.677152
-0.547515
-0.386659
-0.233414
-0.132404
-0.117202
-0.196911
-0.351862
-0.540382
-0.713960
-0.834566
-0.887111
-0.882105
-0.847994
-0.816953
-0.810554
-0.831559
-0.864934
-0.887058
-0.878484
-0.834248
-0.767152
-0.702824
-0.669063
-0.684265
-0.749870
-0.849492
-0.954381
-1.032243
-1.055591
-1.006741
-0.878850
-0.674427
-0.403673
-0.084298
0.257248
0.585012
0.855646
1.024883
1.057656
0.938891
0.680844
0.323537
-0.072790
-0.441257
-0.723651
-0.882537
-0.906618
-0.808495
-0.616821
-0.366509
-0.090669
0.183629
0.435791
0.650086
0.814198
0.919356
0.961985
0.945569
0.880996
0.784423
0.673019
0.560123
0.451825
0.346386
0.236654
0.114322
-0.025791
-0.183105
-0.351011
-0.518670
-0.673802
-0.805348
-0.905334
-0.969859
-0.999496
-0.999300
-0.978321
-0.948192
-0.920613
-0.904019
-0.900596
-0.905011
-0.905985
-0.890659
-0.850375
-0.785454
-0.706634
-0.631957
-0.579834
-0.560806
-0.571351
-0.592542
-0.594539
-0.545627
-0.422739
-0.219831
0.048644
0.350122
0.641127
0.876886
1.020654
1.050580
0.963009
0.772148
0.506598
0.203555
-0.098296
-0.366058
-0.578575
-0.729572
-0.826897
-0.887855
-0.931980
-0.973720
-1.017760
-1.058804
-1.085834
-1.088861
-1.065069
-1.021391
-0.972247
-0.933381
-0.914648
-0.915140
-0.922929
-0.919604
-0.887575
-0.816876
-0.708622
-0.573950
-0.429321
-0.290540
-0.168060
-0.065042
0.021827
0.099988
0.178492
0.265987
0.368941
0.489332
0.621627
0.750022
0.848008
0.882283
0.821479
0.647762
0.366960
0.012387
-0.360817
-0.690250
-0.925078
-1.041930
-1.051256
-0.991133
-0.910826
-0.851022
-0.829127
-0.835911
-0.844500
-0.827064
-0.770996
-0.686794
-0.603935
-0.557018
-0.569129
-0.640798
-0.749945
-0.862721
-0.949554
-0.998106
-1.016319
-1.023903
-1.036631
-1.051834
-1.043370
-0.969865
-0.793540
-0.501270
-0.117753
0.296376
0.662137
0.909062
1.000440
0.946402
0.799251
0.632767
0.513900
0.478080
0.517747
0.587929
0.625914
0.576689
0.414195
0.150806
-0.167549
-0.477680
-0.720132
-0.857288
-0.882914
-0.821045
-0.715858
-0.616722
-0.563426
-0.575808
-0.650195
-0.762910
-0.879275
-0.965198
-0.997930
-0.972829
-0.904220
-0.820025
-0.751961
-0.724521
-0.746521
-0.808122
-0.884265
-0.943051
-0.955778
-0.904895
-0.787200
-0.611873
-0.395127
-0.154531
0.094277
0.337442
0.560428
0.745794
0.873766
0.926593
0.895421
0.786634
0.624249
0.446386
0.296340
0.211234
0.212296
0.300118
0.456033
0.648182
0.839220
0.992727
1.076958
1.066698
0.945279
0.708400
0.369520
-0.035929
-0.451424
-0.808392
-1.043158
-1.117322
-1.033968
-0.841826
-0.623275
-0.468015
-0.440826
-0.555413
-0.765313
-0.977088
-1.082481
-0.998482
-0.700453
-0.235538
0.289231
0.740178
0.999612
1.002556
0.754978
0.328315
-0.166075
-0.611917
-0.919796
-1.045831
-0.993673
-0.802928
-0.531336
-0.238477
0.024304
0.217370
0.312791
0.294811
0.162885
-0.063806
-0.343951
-0.617759
-0.818258
-0.888151
-0.796825
-0.550953
-0.194105
0.205227
0.573201
0.850903
1.008393
1.048288
0.999007
0.901518
0.795397
0.709096
0.656759
0.640696
0.656511
0.697634
0.757325
0.828372
0.902073
0.968393
1.018035
1.045625
1.052098
1.044541
1.033039
1.025791
1.024972
1.025654
1.018641
0.996005
0.956533
0.908025
0.864788
0.841103
0.843538
0.865951
0.890130
0.892464
0.854256
0.771324
0.658446
0.546170
0.470594
0.459756
0.521834
0.639789
0.774754
0.877095
0.901336
0.819800
0.630550
0.357475
0.043154
-0.262536
-0.514161
-0.679488
-0.743549
-0.708196
-0.588706
-0.409381
-0.199499
0.009950
0.189282
0.313547
0.366624
0.345229
0.261345
0.141443
0.021641
-0.060624
-0.076210
-0.012134
0.125170
0.312546
0.517906
0.710221
0.867807
0.981667
1.052724
1.084543
1.075349
1.013790
0.881431
0.662008
0.354035
-0.018852
-0.405378
-0.734974
-0.935742
-0.956625
-0.785960
-0.459165
-0.051872
0.339955
0.626517
0.748359
0.690160
0.480032
0.175689
-0.156393
-0.460570
-0.703358
-0.873555
-0.973208
-1.005309
-0.965128
-0.839922
-0.617485
-0.299439
0.087481
0.488579
0.829942
1.037077
1.057364
0.878250
0.534188
0.099366
-0.331707
-0.669329
-0.851166
-0.855226
-0.699935
-0.432699
-0.112159
0.209038
0.495186
0.729495
0.908177
1.030732
1.091558
1.077048
0.969625
0.757125
0.443542
0.056349
-0.353336
-0.719030
-0.973963
-1.068740
-0.986254
-0.748924
-0.415492
-0.067564
0.210740
0.354432
0.334360
0.163957
-0.106124
-0.403990
-0.658274
-0.818935
-0.870567
-0.834056
-0.756271
-0.691454
-0.680798
-0.737248
-0.840686
-0.945013
-0.994378
-0.942717
-0.769698
-0.487654
-0.137430
0.224952
0.545737
0.788746
0.943396
1.023180
1.055962
1.070298
1.083364
1.095089
1.090636
1.050005
0.960684
0.827913
0.677867
0.551558
0.490953
0.521983
0.641024
0.810769
0.968457
1.044962
0.988885
0.787143
0.474023
0.124217
-0.168981
-0.323444
-0.295621
-0.095538
0.216435
0.550226
0.816682
0.956897
0.959460
0.859590
0.721288
0.610140
0.567875
0.598454
0.670364
0.732897
0.738597
0.662093
0.507816
0.304489
0.090155
-0.104648
-0.267803
-0.406231
-0.536861
-0.673112
-0.813720
-0.939280
-1.017943
-1.017390
-0.917595
-0.718818
-0.441900
-0.121490
0.204163
0.502266
0.750039
0.934058
1.046293
1.080098
1.028968
0.889024
0.664020
0.370178
0.038112
-0.289747
-0.565947
-0.747236
-0.803578
-0.724641
-0.522281
-0.228691
0.109223
0.438090
0.707456
0.878693
0.931700
0.868002
0.709323
0.491910
0.257876
0.045909
-0.116267
-0.215815
-0.254602
-0.245708
-0.208303
-0.162598
-0.125916
-0.110025
-0.119365
-0.149850
-0.188551
-0.215098
-0.205608
-0.139067
-0.004703
0.192295
0.429486
0.671821
0.881375
1.028952
1.103076
1.112577
1.081533
1.038534
1.004946
0.987220
0.976630
0.956274
0.911779
0.840426
0.754132
0.674798
0.624315
0.614198
0.640131
0.684295
0.724485
0.745540
0.747224
0.744205
0.757558
0.801418
0.871155
0.939198
0.961623
0.893893
0.709910
0.416684
0.058157
-0.294210
-0.561556
-0.681748
-0.629360
-0.424706
-0.129015
0.172577
0.394742
0.475085
0.390083
0.159770
-0.159294
-0.489991
-0.754561
-0.892960
-0.875121
-0.704742
-0.414695
-0.056406
0.313191
0.643445
0.897906
1.057427
1.119279
1.094048
1.002174
0.871098
0.732723
0.620104
0.562330
0.577634
0.666416
0.807012
0.957076
1.062026
1.069262
0.944359
0.683852
0.319743
-0.086517
-0.459202
-0.727916
-0.845276
-0.797131
-0.602675
-0.305561
0.039832
0.381676
0.679322
0.905782
1.045377
1.089764
1.035444
0.884278
0.646293
0.342306
0.003785
-0.331408
-0.626579
-0.854428
-1.002727
-1.075254
-1.087784
-1.061154
-1.014502
-0.961333
-0.909506
-0.864013
-0.830083
-0.814083
-0.821104
-0.850184
-0.889862
-0.917072
-0.901238
-0.812991
-0.634713
-0.368744
-0.039703
0.310497
0.633513
0.887514
1.047630
1.110379
1.091041
1.015652
0.911185
0.797749
0.685261
0.574882
0.463435
0.348065
0.228826
0.108348
-0.010589
-0.127677
-0.246059
-0.370860
-0.505895
-0.650191
-0.796105
-0.929997
-1.035121
-1.095398
-1.098432
-1.036801
-0.907806
-0.712772
-0.457255
-0.152763
0.180710
0.513093
0.805686
1.016738
1.110499
1.067209
0.890410
0.608427
0.268710
-0.073713
-0.370128
-0.589838
-0.725875
-0.793071
-0.819530
-0.834807
-0.858988
-0.896241
-0.934608
-0.951576
-0.923182
-0.833463
-0.681308
-0.482750
-0.268152
-0.075122
0.060903
0.115842
0.083354
-0.023581
-0.176628
-0.340706
-0.484710
-0.590746
-0.658430
-0.702265
-0.742666
-0.793876
-0.853698
-0.899854
-0.895482
-0.802677
-0.599396
-0.293012
0.075572
0.440058
0.727353
0.880481
0.877646
0.740311
0.527053
0.315197
0.176617
0.156170
0.259918
0.456531
0.690446
0.901305
1.042662
1.093858
1.062139
0.975755
0.871714
0.783098
0.730141
0.717262
0.735855
0.770782
0.807573
0.837711
0.860310
0.880016
0.902270
0.927986
0.949897
0.952389
0.915401
0.821517
0.663946
0.452397
0.214218
-0.010374
-0.177983
-0.253710
-0.220913
-0.085722
0.125046
0.371430
0.610167
0.803156
0.922113
0.949177
0.875473
0.700456
0.433887
0.099939
-0.259514
-0.586413
-0.815530
-0.890372
-0.781435
-0.499807
-0.099534
0.334112
0.707789
0.946901
1.016206
0.926385
0.724328
0.471630
0.220716
-0.001261
-0.194397
-0.374336
-0.553792
-0.727422
-0.868436
-0.939395
-0.912369
-0.788370
-0.605531
-0.430245
-0.333313
-0.360559
-0.510758
-0.731432
-0.935704
-1.034438
-0.971055
-0.744854
-0.413243
-0.071857
0.179491
0.271528
0.187596
-0.034589
-0.320785
-0.589295
-0.779261
-0.867654
-0.870038
-0.827152
-0.784655
-0.775010
-0.808098
-0.872585
-0.945152
-1.002218
-1.028725
-1.021218
-0.985600
-0.932214
-0.871505
-0.812096
-0.761203
-0.725761
-0.712399
-0.725524
-0.764277
-0.820263
-0.877862
-0.917693
-0.922109
-0.880368
-0.791181
-0.661470
-0.502175
-0.323314
-0.130928
0.072541
0.284804
0.499331
0.702872
0.876894
1.003066
1.070561
1.081756
1.053070
1.009629
0.975211
0.961209
0.959386
0.942029
0.870521
0.709876
0.444374
0.088422
-0.311774
-0.687159
-0.963149
-1.080133
-1.010796
-0.768824
-0.406355
-0.001042
0.363244
0.616352
0.716876
0.658640
0.467802
0.192570
-0.110667
-0.390650
-0.610699
-0.752897
-0.817358
-0.818161
-0.777923
-0.722455
-0.676165
-0.658270
-0.679597
-0.740220
-0.828521
-0.922530
-0.994030
-1.014995
-0.964837
-0.836268
-0.637629
-0.390701
-0.124486
0.132880
0.361209
0.551816
0.706429
0.832185
0.935045
1.014406
1.061190
1.060060
0.994779
0.854528
0.638874
0.359788
0.040431
-0.288438
-0.593060
-0.841085
-1.005237
-1.066289
-1.015599
-0.857105
-0.608219
-0.298589
0.033925
0.349869
0.616022
0.812100
0.933973
0.991995
1.004801
0.990701
0.959884
0.910525
0.830369
0.703275
0.518153
0.276681
-0.003390
-0.290944
-0.549437
-0.747351
-0.867403
-0.911229
-0.897868
-0.856619
-0.816812
-0.798064
-0.804359
-0.823876
-0.834492
-0.812897
-0.744105
-0.628038
-0.480988
-0.331448
-0.211882
-0.149189
-0.157110
-0.232919
-0.359241
-0.509954
-0.657909
-0.781723
-0.869680
-0.920023
-0.938483
-0.934693
-0.919160
-0.901673
-0.890921
-0.894256
-0.916584
-0.958058
-1.011504
-1.061262
-1.085103
-1.059801
-0.969107
-0.811377
-0.603587
-0.379327
-0.180662
-0.046254
0.000076
-0.043962
-0.159780
-0.315599
-0.478000
-0.622597
-0.739595
-0.832251
-0.909448
-0.976162
-1.026443
-1.042343
-0.999501
-0.877012
-0.667340
-0.382008
-0.050661
0.286049
0.586743
0.818726
0.963205
1.015209
0.979520
0.865584
0.684318
0.448266
0.174328
-0.113386
-0.383440
-0.601254
-0.736897
-0.773653
-0.713528
-0.576780
-0.394987
-0.200038
-0.013593
0.158347
0.323034
0.491471
0.665917
0.830343
0.949071
0.975718
0.870140
0.617246
0.240016
-0.199473
-0.612963
-0.909499
-1.021876
-0.926853
-0.652038
-0.266992
0.138156
0.479050
0.699440
0.782668
0.749884
0.647478
0.529642
0.442572
0.414837
0.455002
0.554485
0.692292
0.839024
0.959685
1.016825
0.976071
0.814796
0.532046
0.155526
-0.258911
-0.637791
-0.908940
-1.023027
-0.969692
-0.781310
-0.521931
-0.264793
-0.066878
0.049514
0.100810
0.130405
0.186372
0.298363
0.463649
0.648127
0.801480
0.879453
0.863341
0.768259
0.637005
0.522808
0.468851
0.493451
0.586567
0.717862
0.851412
0.959667
1.030640
1.066301
1.074894
1.062717
1.030545
0.976647
0.904009
0.826448
0.768368
0.756185
0.804202
0.901679
1.008528
1.064019
1.007100
0.801216
0.453325
0.018264
-0.414950
-0.750938
-0.919837
-0.901114
-0.730083
-0.484621
-0.257355
-0.124086
-0.120331
-0.234074
-0.416143
-0.602721
-0.740304
-0.803435
-0.799406
-0.759798
-0.723907
-0.721526
-0.761660
-0.830455
-0.897529
-0.926949
-0.888302
-0.764510
-0.555158
-0.276049
0.043628
0.365549
0.647782
0.851887
0.951240
0.938938
0.832388
0.671716
0.510645
0.401516
0.378946
0.448139
0.582862
0.734718
0.850850
0.893587
0.854360
0.756395
0.645079
0.570000
0.565970
0.640501
0.772268
0.920254
1.038930
1.092767
1.064504
0.955104
0.777451
0.548389
0.283829
-0.001074
-0.288035
-0.552130
-0.762811
-0.891142
-0.921174
-0.860167
-0.741747
-0.618539
-0.545443
-0.559431
-0.664158
-0.826438
-0.987167
-1.083120
-1.071381
-0.946541
-0.743706
-0.525927
-0.361144
-0.297883
-0.349283
-0.491292
-0.674949
-0.846845
-0.968974
-1.029919
-1.043605
-1.037296
-1.035064
-1.044477
-1.052408
-1.031470
-0.953953
-0.806799
-0.600997
-0.371222
-0.165823
-0.031122
0.003768
-0.064091
-0.211709
-0.398940
-0.581984
-0.726388
-0.815168
-0.849968
-0.846130
-0.824556
-0.804012
-0.796435
-0.806126
-0.831721
-0.869054
-0.913074
-0.958284
-0.998275
-1.025706
-1.033798
-1.019207
-0.984915
-0.941126
-0.902715
-0.883256
-0.887742
-0.907285
-0.918947
-0.892047
-0.799434
-0.629692
-0.395063
-0.131115
0.112854
0.289794
0.371502
0.359352
0.284691
0.198373
0.153191
0.185822
0.305017
0.490216
0.700577
0.890339
1.024298
1.087658
1.087238
1.044856
0.986690
0.933547
0.895800
0.874089
0.864119
0.862116
0.867780
0.883277
0.909184
0.940142
0.963190
0.960576
0.916511
0.825222
0.696651
0.556715
0.441097
0.384083
0.406174
0.504918
0.652584
0.802012
0.899158
0.898565
0.776820
0.539788
0.221375
-0.125561
-0.443043
-0.682018
-0.812313
-0.825946
-0.733755
-0.557806
-0.323217
-0.052804
0.233812
0.517367
0.775073
0.979025
1.099134
1.110639
1.003661
0.790837
0.509126
0.213882
-0.033837
-0.182998
-0.206252
-0.106899
0.083163
0.313831
0.532050
0.697005
0.790580
0.820087
0.812782
0.804182
0.823916
0.883567
0.970424
1.049500
1.073804
1.000286
0.806628
0.503113
0.134592
-0.229599
-0.515771
-0.669906
-0.677076
-0.568346
-0.411294
-0.286334
-0.257005
-0.345481
-0.523290
-0.721602
-0.857623
-0.866835
-0.728085
-0.471260
-0.164497
0.113458
0.303908
0.388980
0.394220
0.372957
0.380345
0.449241
0.578483
0.737864
0.885985
0.991325
1.045848
1.064810
1.073622
1.089309
1.106752
1.097358
1.021465
0.848668
0.576164
0.235877
-0.113545
-0.406622
-0.594034
-0.658569
-0.617374
-0.510335
-0.380676
-0.257073
-0.145161
-0.031421
0.103651
0.270356
0.460317
0.647234
0.797185
0.883326
0.897945
0.856389
0.791229
0.739336
0.727304
0.760891
0.822115
0.874531
0.874422
0.784188
0.584226
0.280515
-0.093639
-0.482144
-0.816553
-1.030837
-1.077779
-0.943024
-0.652446
-0.269463
0.118436
0.421164
0.569510
0.533278
0.328067
0.008388
-0.350364
-0.674663
-0.912506
-1.043798
-1.079195
-1.049669
-0.992123
-0.936942
-0.901450
-0.889921
-0.897869
-0.917050
-0.938312
-0.951605
-0.944489
-0.901613
-0.806972
-0.648918
-0.426065
-0.151147
0.149481
0.441258
0.690122
0.871427
0.975903
1.010733
0.995775
0.956635
0.917185
0.893749
0.892216
0.908135
0.929090
0.938403
0.919436
0.859920
0.755700
0.613218
0.449743
0.290812
0.164981
0.097056
0.101721
0.179651
0.317421
0.491201
0.672851
0.836270
0.962015
1.039187
1.064910
1.042639
0.980598
0.891075
0.790139
0.696742
0.630153
0.605613
0.629331
0.694934
0.783468
0.867870
0.921144
0.925599
0.879776
0.800139
0.716451
0.662019
0.662013
0.723823
0.832812
0.954977
1.045705
1.061869
0.973635
0.772608
0.474278
0.114550
-0.258279
-0.593656
-0.848407
-0.993779
-1.018764
-0.929680
-0.746801
-0.499356
-0.220142
0.059284
0.312334
0.519946
0.672049
0.767978
0.815729
0.829856
0.828037
0.826688
0.836593
0.859778
0.888830
0.909156
0.903667
0.858482
0.767747
0.635917
0.476911
0.310741
0.159142
0.041894
-0.025190
-0.030825
0.031469
0.162048
0.352294
0.581228
0.813879
1.003912
1.101795
1.067381
0.883264
0.563860
0.155791
-0.272089
-0.646791
-0.911749
-1.042702
-1.053141
-0.987279
-0.903146
-0.852073
-0.861931
-0.929778
-1.025563
-1.104484
-1.122514
-1.049479
-0.875791
-0.612268
-0.285008
0.071276
0.418915
0.721025
0.944191
1.061539
1.056868
0.928984
0.694125
0.384355
0.041312
-0.293096
-0.585645
-0.816815
-0.979949
-1.075498
-1.103881
-1.061347
-0.941795
-0.744210
-0.482006
-0.188766
0.084187
0.279399
0.350636
0.279235
0.082362
-0.191010
-0.475483
-0.710234
-0.857420
-0.911010
-0.893293
-0.841678
-0.792308
-0.767671
-0.772833
-0.800169
-0.838438
-0.880317
-0.924142
-0.969504
-1.010268
-1.030524
-1.007586
-0.922142
-0.771270
-0.577266
-0.386277
-0.254968
-0.229238
-0.323498
-0.509801
-0.722720
-0.879386
-0.907586
-0.771071
-0.482114
-0.096454
0.307022
0.653429
0.895053
1.021914
1.056794
1.038372
1.000746
0.958350
0.902323
0.808941
0.655546
0.436518
0.172284
-0.092472
-0.300693
-0.400452
-0.361742
-0.186875
0.088769
0.405651
0.695809
0.900786
0.986743
0.952568
0.828638
0.666332
0.521070
0.433739
0.416500
0.448054
0.480823
0.458408
0.337641
0.107188
-0.204868
-0.538297
-0.821052
-0.995347
-1.039269
-0.974888
-0.858898
-0.758940
-0.724971
-0.767417
-0.851610
-0.911302
-0.876252
-0.702813
-0.395087
-0.007918
0.369554
0.643300
0.745245
0.653962
0.398212
0.043508
-0.331539
-0.659114
-0.897526
-1.033908
-1.076030
-1.039396
-0.936648
-0.774130
-0.555950
-0.292061
-0.004913
0.269671
0.488683
0.612885
0.618044
0.501905
0.284491
0.002127
-0.301982
-0.587079
-0.821452
-0.985413
-1.071540
-1.083603
-1.035200
-0.948019
-0.848860
-0.764661
-0.715879
-0.709983
-0.737680
-0.774096
-0.785472
-0.739632
-0.616685
-0.415989
-0.156752
0.127920
0.401044
0.631936
0.802745
0.909463
0.957934
0.957545
0.915879
0.836727
0.721891
0.575207
0.406131
0.230593
0.068331
-0.062238
-0.149221
-0.190075
-0.190707
-0.161301
-0.110903
-0.043374
0.043287
0.153869
0.290520
0.447614
0.609567
0.753189
0.854211
0.895790
0.875739
0.809352
0.726193
0.661338
0.643751
0.685836
0.778068
0.891182
0.985671
1.025709
0.992662
0.893111
0.758016
0.632671
0.560715
0.567871
0.651700
0.781598
0.909615
0.988389
0.989444
0.914710
0.796323
0.684392
0.627007
0.650165
0.745506
0.870936
0.964395
0.965938
0.840143
0.590666
0.261721
-0.073999
-0.336637
-0.462435
-0.421450
-0.224564
0.081478
0.428400
0.745016
0.974532
1.086109
1.078636
0.976982
0.822787
0.662721
0.537155
0.471682
0.473044
0.530043
0.618898
0.711457
0.783920
0.823472
0.830866
0.818206
0.802874
0.799889
0.815590
0.844912
0.873166
0.881356
0.852811
0.778481
0.659038
0.503397
0.324768
0.136227
-0.052301
-0.234690
-0.407208
-0.566309
-0.707124
-0.823604
-0.910313
-0.964939
-0.990191
-0.993932
-0.987172
-0.980328
-0.978882
-0.979894
-0.970607
-0.930083
-0.834033
-0.662242
-0.407084
-0.080845
0.280860
0.621879
0.875533
0.980604
0.899570
0.633586
0.228549
-0.231496
-0.643446
-0.912176
-0.977502
-0.832177
-0.524344
-0.142909
0.209876
0.449611
0.534292
0.474113
0.323740
0.160622
0.057653
0.060071
0.174227
0.370865
0.599975
0.810323
0.965771
1.052857
1.078183
1.058581
1.009463
0.936846
0.836155
0.697540
0.514556
0.291841
0.048167
-0.186477
-0.378603
-0.500755
-0.539483
-0.499275
-0.401613
-0.279883
-0.171791
-0.111177
-0.120703
-0.206523
-0.355726
-0.537231
-0.706638
-0.814899
-0.819672
-0.696949
-0.449756
-0.110778
0.262815
0.601807
0.841597
0.938242
0.878979
0.683878
0.398240
0.078480
-0.223662
-0.473330
-0.657607
-0.782676
-0.865299
-0.922702
-0.965062
-0.993154
-1.001284
-0.983256
-0.938140
-0.873010
-0.801550
-0.739513
-0.699382
-0.686732
-0.699753
-0.731596
-0.773832
-0.818889
-0.860083
-0.889573
-0.895849
-0.863136
-0.774174
-0.616140
-0.387547
-0.102869
0.207913
0.505689
0.752788
0.923877
1.012804
1.032349
1.006806
0.960286
0.905706
0.839263
0.742953
0.594287
0.379154
0.102317
-0.209139
-0.511176
-0.755103
-0.902050
-0.933994
-0.857240
-0.697455
-0.488801
-0.261996
-0.036191
0.182418
0.395457
0.603840
0.800272
0.966599
1.077430
1.108633
1.047061
0.897396
0.683230
0.441893
0.215046
0.038568
-0.064796
-0.087946
-0.037150
0.073134
0.225639
0.403602
0.591118
0.771279
0.923968
1.025351
1.050325
0.977835
0.797548
0.515668
0.157637
-0.233607
-0.603926
-0.897564
-1.067872
-1.086645
-0.949956
-0.679080
-0.316338
0.083276
0.462822
0.774169
0.986420
1.090220
1.097146
1.034615
0.937808
0.840831
0.769412
0.736767
0.743272
0.779403
0.830433
0.881176
0.919300
0.936593
0.928496
0.892891
0.829306
0.739256
0.627701
0.504736
0.386279
0.292652
0.244731
0.258328
0.338484
0.475633
0.645317
0.812038
0.936508
0.984404
0.934112
0.781373
0.539681
0.236705
-0.091816
-0.408774
-0.681269
-0.884230
-1.002221
-1.030193
-0.973904
-0.850072
-0.685551
-0.514361
-0.371794
-0.286053
-0.269416
-0.312114
-0.382056
-0.432059
-0.413584
-0.293170
-0.065941
0.239137
0.565170
0.843379
1.014321
1.047016
0.949048
0.763903
0.556365
0.391414
0.314292
0.338854
0.447744
0.603213
0.763259
0.896130
0.987627
1.039366
1.060506
1.058236
1.032510
0.977851
0.891029
0.779899
0.667660
0.588617
0.575740
0.644700
0.781644
0.941235
1.057647
1.065609
0.924030
0.632891
0.236344
-0.189803
-0.561839
-0.814263
-0.918501
-0.887553
-0.765695
-0.608237
-0.459987
-0.340961
-0.244278
-0.145693
-0.019464
0.146957
0.345709
0.551218
0.730668
0.856832
0.917285
0.916223
0.868815
0.791511
0.693399
0.572849
0.420917
0.229685
0.001432
-0.245852
-0.479352
-0.658634
-0.746488
-0.719402
-0.574084
-0.328277
-0.016302
0.318546
0.632162
0.886340
1.053245
1.117922
1.079413
0.950912
0.758632
0.538790
0.332276
0.177433
0.102389
0.119025
0.220566
0.383763
0.575208
0.759941
0.909767
1.008988
1.056170
1.061969
1.044161
1.021626
1.008972
1.012986
1.031428
1.054125
1.065940
1.050989
0.997242
0.900562
0.767068
0.612997
0.461736
0.338569
0.264536
0.251252
0.298365
0.394467
0.521011
0.657682
0.787195
0.897889
0.983619
1.041700
1.070597
1.068959
1.036742
0.977813
0.902315
0.826842
0.771332
0.753162
0.780524
0.848017
0.936790
1.019954
1.071680
1.076567
1.035510
0.965341
0.892027
0.839869
0.820923
0.829017
0.840936
0.824514
0.750520
0.603629
0.388138
0.126273
-0.149961
-0.409725
-0.632337
-0.810485
-0.946565
-1.044220
-1.099573
-1.097009
-1.012551
-0.824492
-0.527403
-0.143512
0.274264
0.650605
0.906140
0.980023
0.850071
