0.500244
0.067380
-0.378746
-0.728741
-0.898767
-0.853168
-0.612216
-0.242830
0.164272
0.523117
0.777183
0.912254
0.953758
0.950466
0.951146
0.983136
1.040700
1.087373
1.071049
0.945961
0.693136
0.331562
-0.084276
-0.479818
-0.783440
-0.948912
-0.969417
-0.878190
-0.735640
-0.607522
-0.541852
-0.552631
-0.615922
-0.679462
-0.682241
-0.577019
-0.347990
-0.017631
0.359165
0.711140
0.970978
1.092945
1.062479
0.895696
0.630645
0.314642
-0.007224
-0.298957
-0.535063
-0.698250
-0.776506
-0.762153
-0.653709
-0.459328
-0.199278
0.094831
0.384923
0.634229
0.815313
0.915553
0.938319
0.900006
0.824504
0.737358
0.661234
0.613167
0.603051
0.632669
0.695134
0.775523
0.853837
0.910648
0.934225
0.926294
0.903051
0.889440
0.907542
0.963297
1.037680
1.087638
1.058631
0.905348
0.612940
0.209564
-0.236288
-0.634431
-0.901648
-0.989816
-0.902616
-0.694159
-0.450023
-0.258074
-0.180299
-0.235901
-0.400804
-0.621926
-0.838893
-1.003927
-1.092722
-1.103994
-1.050548
-0.947832
-0.805873
-0.627565
-0.412754
-0.164558
0.106004
0.379542
0.631904
0.839813
0.985930
1.061776
1.068434
1.015998
0.922689
0.813507
0.717376
0.661757
0.665067
0.729130
0.835438
0.948397
1.026284
1.036950
0.972090
0.853472
0.726998
0.645631
0.647400
0.737745
0.884229
1.026896
1.100712
1.061063
0.901687
0.657295
0.389805
0.163996
0.022866
-0.027183
-0.015759
0.006332
-0.010945
-0.097260
-0.252376
-0.449380
-0.647715
-0.809417
-0.911563
-0.950726
-0.939468
-0.898305
-0.847730
-0.803631
-0.776605
-0.773426
-0.797929
-0.849705
-0.921209
-0.995549
-1.047656
-1.050049
-0.981963
-0.838404
-0.635138
-0.406892
-0.198705
-0.053236
0.001615
-0.039394
-0.157713
-0.316369
-0.469499
-0.572918
-0.593017
-0.512628
-0.333597
-0.076451
0.222514
0.516710
0.757162
0.902109
0.926446
0.828444
0.631229
0.377834
0.120757
-0.090958
-0.223014
-0.261947
-0.214415
-0.100747
0.054094
0.228245
0.406514
0.579102
0.737148
0.868159
0.954258
0.974681
0.911791
0.758068
0.521058
0.223896
-0.098985
-0.409573
-0.674699
-0.872324
-0.993866
-1.042387
-1.027885
-0.961899
-0.853523
-0.708080
-0.528569
-0.318783
-0.086523
0.154728
0.386617
0.589195
0.745720
0.847355
0.896057
0.904446
0.892369
0.881064
0.886652
0.915149
0.960711
1.007831
1.036907
1.031250
0.983288
0.897712
0.790671
0.685213
0.604654
0.566023
0.575618
0.627874
0.707601
0.794620
0.869366
0.917858
0.934925
0.925026
0.900636
0.878480
0.874420
0.898056
0.948384
1.011934
1.064414
1.076006
1.019319
0.877818
0.652000
0.360992
0.038570
-0.275368
-0.545115
-0.747565
-0.875684
-0.935906
-0.940815
-0.900573
-0.817163
-0.684369
-0.493808
-0.244334
0.049767
0.356386
0.631383
0.831387
0.929015
0.924187
0.846197
0.744575
0.671480
0.662132
0.721240
0.821379
0.914627
0.953208
0.910857
0.795753
0.649119
0.529220
0.486913
0.542726
0.675376
0.827337
0.926064
0.912929
0.768287
0.522262
0.246276
0.028019
-0.060701
0.009099
0.212269
0.478048
0.714912
0.842048
0.815618
0.640557
0.364755
0.059405
-0.205832
-0.383183
-0.455885
-0.434724
-0.345844
-0.216606
-0.065893
0.097972
0.272637
0.454612
0.634428
0.797004
0.926911
1.015305
1.064252
1.085483
1.093625
1.097035
1.091021
1.057507
0.972308
0.817442
0.593206
0.324123
0.055103
-0.161882
-0.286121
-0.304423
-0.238501
-0.139724
-0.072220
-0.089924
-0.215797
-0.430971
-0.678267
-0.879370
-0.960028
-0.874723
-0.622389
-0.247917
0.170773
0.545358
0.801569
0.897413
0.829815
0.628879
0.343470
0.024512
-0.287510
-0.567048
-0.800034
-0.976190
-1.082327
-1.101030
-1.015933
-0.821207
-0.530314
-0.178868
0.181151
0.494732
0.720016
0.840892
0.870742
0.845565
0.809046
0.795627
0.818302
0.865967
0.910951
0.923210
0.884960
0.799617
0.691551
0.597097
0.550810
0.572576
0.660456
0.791463
0.929250
1.035398
1.080112
1.049287
0.946677
0.791751
0.614864
0.451217
0.334571
0.291070
0.333513
0.457027
0.637580
0.834934
1.000595
1.089644
1.073406
0.948882
0.741272
0.497909
0.274832
0.119940
0.058144
0.083461
0.160784
0.236899
0.257365
0.184027
0.007912
-0.246268
-0.525254
-0.760551
-0.886320
-0.857130
-0.660964
-0.324041
0.093896
0.512794
0.850713
1.042643
1.054755
0.890289
0.585839
0.199711
-0.203563
-0.567464
-0.852331
-1.037079
-1.115060
-1.087565
-0.958993
-0.736289
-0.432584
-0.072300
0.306267
0.654075
0.920800
1.068060
1.081553
0.977055
0.797317
0.600350
0.443018
0.365582
0.382284
0.480465
0.627327
0.780847
0.900525
0.954818
0.924380
0.802321
0.593610
0.314976
-0.004895
-0.326615
-0.604733
-0.796366
-0.872150
-0.825751
-0.677752
-0.471160
-0.259030
-0.087991
0.016363
0.056729
0.061110
0.070770
0.123806
0.240657
0.416801
0.624889
0.824775
0.977120
1.055410
1.052578
0.980862
0.866167
0.739691
0.629645
0.554905
0.521303
0.520414
0.530800
0.521885
0.460779
0.321636
0.095767
-0.200601
-0.524513
-0.812847
-0.997029
-1.022431
-0.866465
-0.548921
-0.130189
0.303097
0.660960
0.874348
0.913070
0.791836
0.563082
0.299613
0.073272
-0.063502
-0.088031
-0.007768
0.147811
0.339802
0.532212
0.700219
0.832448
0.927647
0.987944
1.011821
0.989865
0.905416
0.740495
0.485436
0.148950
-0.235613
-0.611441
-0.908542
-1.061586
-1.030507
-0.817006
-0.470306
-0.078455
0.253811
0.434578
0.412304
0.192077
-0.165282
-0.561298
-0.889092
-1.063996
-1.045487
-0.843969
-0.511584
-0.121860
0.253659
0.563702
0.785384
0.921519
0.990497
1.014005
1.007439
0.975661
0.914145
0.813644
0.666046
0.469542
0.232119
-0.027013
-0.278482
-0.486796
-0.617587
-0.647187
-0.572098
-0.414722
-0.221815
-0.054135
0.030848
-0.002116
-0.152578
-0.382425
-0.627493
-0.819495
-0.910331
-0.889277
-0.785952
-0.657476
-0.564866
-0.548272
-0.611375
-0.721385
-0.824543
-0.870326
-0.833897
-0.727151
-0.593731
-0.490328
-0.462375
-0.524566
-0.654252
-0.800247
-0.902981
-0.917484
-0.829950
-0.661745
-0.460267
-0.281287
-0.170326
-0.150144
-0.217994
-0.351848
-0.521242
-0.697259
-0.857634
-0.986153
-1.068617
-1.089262
-1.030995
-0.880412
-0.635692
-0.313421
0.049686
0.402355
0.690773
0.873320
0.932866
0.882027
0.759263
0.616961
0.505549
0.459037
0.486717
0.573417
0.687641
0.794157
0.866370
0.894205
0.885210
0.859182
0.839008
0.841458
0.871402
0.921290
0.975569
1.017866
1.037840
1.035019
1.018267
1.001410
0.996951
1.010542
1.038342
1.068317
1.084812
1.074639
1.032349
0.962711
0.879527
0.801227
0.744656
0.719252
0.723383
0.744039
0.759950
0.747161
0.685538
0.564423
0.386078
0.166197
-0.068429
-0.284411
-0.447426
-0.528036
-0.506889
-0.378764
-0.155024
0.135978
0.451103
0.737712
0.941996
1.019457
0.945485
0.723195
0.385599
-0.009785
-0.393608
-0.701921
-0.893110
-0.959025
-0.926126
-0.845465
-0.774223
-0.754801
-0.798749
-0.881643
-0.951215
-0.946403
-0.820696
-0.561436
-0.197738
0.206192
0.570422
0.824721
0.931160
0.895940
0.766263
0.613375
0.507693
0.494610
0.579155
0.724568
0.865045
0.928183
0.859708
0.642431
0.303577
-0.091639
-0.457927
-0.713718
-0.803601
-0.712830
-0.469899
-0.136831
0.209519
0.499302
0.688037
0.766166
0.757364
0.706761
0.663472
0.663467
0.718567
0.814977
0.921299
1.002550
1.034569
1.013204
0.954784
0.887898
0.839909
0.823828
0.831033
0.832987
0.791542
0.673942
0.466618
0.182415
-0.141743
-0.455864
-0.712492
-0.881080
-0.956033
-0.955856
-0.914399
-0.867977
-0.843360
-0.850765
-0.883556
-0.923629
-0.949457
-0.943389
-0.895862
-0.806070
-0.680389
-0.530361
-0.371608
-0.223590
-0.108942
-0.050801
-0.067403
-0.165009
-0.331786
-0.535866
-0.729799
-0.861274
-0.887273
-0.786994
-0.568814
-0.268508
0.060892
0.364057
0.597890
0.740727
0.793622
0.774362
0.707516
0.614968
0.510444
0.399299
0.282243
0.160132
0.036876
-0.080943
-0.187169
-0.279723
-0.362383
-0.443358
-0.531152
-0.629793
-0.735959
-0.839643
-0.928226
-0.992024
-1.028581
-1.043531
-1.047544
-1.050765
-1.057461
-1.063382
-1.057066
-1.024332
-0.953678
-0.840039
-0.685365
-0.496248
-0.280512
-0.045123
0.203056
0.454023
0.691129
0.890230
1.023592
1.068319
1.016397
0.881850
0.700804
0.522693
0.394640
0.344390
0.368641
0.432259
0.479970
0.457174
0.332459
0.113131
-0.152859
-0.390273
-0.521113
-0.491743
-0.292762
0.035725
0.415499
0.754256
0.973750
1.032325
0.934500
0.725362
0.472938
0.245763
0.093670
0.037712
0.070997
0.167996
0.297212
0.431933
0.555714
0.662180
0.751230
0.824714
0.883936
0.929577
0.962982
0.986990
1.005102
1.019202
1.027286
1.023110
0.998713
0.949172
0.877295
0.795598
0.723799
0.682253
0.683893
0.728277
0.800795
0.877780
0.935603
0.959848
0.950510
0.920993
0.891482
0.879912
0.894759
0.932778
0.982238
1.029455
1.064810
1.084898
1.089834
1.077516
1.038636
0.956146
0.810712
0.590445
0.300630
-0.031519
-0.360201
-0.632118
-0.801423
-0.842746
-0.757256
-0.569686
-0.318128
-0.041347
0.230973
0.481505
0.701899
0.885753
1.022490
1.095818
1.087782
0.986427
0.793052
0.525251
0.213985
-0.104212
-0.396526
-0.640752
-0.827228
-0.955752
-1.029716
-1.050761
-1.016616
-0.922854
-0.767323
-0.554645
-0.298448
-0.020238
0.254445
0.500809
0.698581
0.833734
0.898359
0.889751
0.809887
0.665734
0.469956
0.240902
0.001028
-0.226348
-0.421028
-0.569183
-0.664604
-0.707618
-0.702420
-0.654288
-0.568074
-0.448550
-0.302159
-0.138949
0.026566
0.176274
0.290852
0.352852
0.349581
0.275320
0.132915
-0.065016
-0.295396
-0.525263
-0.714768
-0.823379
-0.818838
-0.686801
-0.437823
-0.108420
0.245434
0.561303
0.785930
0.888276
0.865390
0.739195
0.545900
0.322595
0.096569
-0.118738
-0.320467
-0.508511
-0.677920
-0.815932
-0.905456
-0.933362
-0.899311
-0.820254
-0.727706
-0.658128
-0.640213
-0.684373
-0.778991
-0.895135
-0.997870
-1.059535
-1.069626
-1.037538
-0.987328
-0.946915
-0.936095
-0.957959
-0.996783
-1.022994
-1.003360
-0.912995
-0.745435
-0.517620
-0.268206
-0.049252
0.086936
0.102649
-0.012590
-0.235485
-0.511164
-0.764675
-0.919528
-0.918558
-0.741077
-0.410786
0.008530
0.428802
0.760513
0.935749
0.924588
0.740158
0.431532
0.067426
-0.283605
-0.570301
-0.768397
-0.881092
-0.931495
-0.950566
-0.964965
-0.988569
-1.019881
-1.045449
-1.047603
-1.013540
-0.942497
-0.848365
-0.756513
-0.695645
-0.687409
-0.737573
-0.832489
-0.942826
-1.033798
-1.078292
-1.067610
-1.014994
-0.949761
-0.903729
-0.895421
-0.918936
-0.943160
-0.922838
-0.817872
-0.613251
-0.330966
-0.028025
0.219836
0.343227
0.303500
0.106948
-0.196857
-0.531980
-0.821727
-1.013059
-1.090779
-1.076755
-1.015613
-0.953314
-0.917527
-0.907132
-0.894297
-0.837373
-0.699068
-0.462898
-0.142186
0.221005
0.566088
0.829636
0.961636
0.937816
0.764969
0.478290
0.131678
-0.216235
-0.516553
-0.740992
-0.885964
-0.968529
-1.015570
-1.050008
-1.079268
-1.090764
-1.056573
-0.945870
-0.740234
-0.445395
-0.094089
0.261822
0.567229
0.781479
0.890769
0.910364
0.876109
0.829234
0.801189
0.804680
0.833921
0.872637
0.904880
0.922966
0.928845
0.929162
0.927677
0.920174
0.895354
0.841703
0.756627
0.652436
0.554968
0.494456
0.492383
0.550764
0.649592
0.754465
0.831359
0.861634
0.849791
0.819620
0.800019
0.807019
0.830965
0.835921
0.772959
0.602415
0.315647
-0.053666
-0.434500
-0.738807
-0.889711
-0.846766
-0.618719
-0.259397
0.150939
0.531044
0.821384
0.996667
1.065558
1.060095
1.020552
0.981816
0.965246
0.976663
1.008755
1.045249
1.065050
1.045988
0.968793
0.821686
0.604876
0.333135
0.034432
-0.256100
-0.505424
-0.691717
-0.809466
-0.868146
-0.885012
-0.875438
-0.845697
-0.792008
-0.706606
-0.587849
-0.448832
-0.319254
-0.238068
-0.238981
-0.334584
-0.506283
-0.705208
-0.864897
-0.921554
-0.834485
-0.599179
-0.248556
0.157385
0.548969
0.864678
1.063600
1.129724
1.068842
0.901439
0.655309
0.360402
0.046236
-0.259405
-0.532003
-0.752673
-0.910608
-1.004133
-1.039301
-1.026322
-0.975613
-0.895673
-0.794103
-0.681167
-0.573286
-0.493308
-0.465498
-0.506069
-0.612852
-0.759297
-0.897036
-0.967944
-0.922399
-0.737157
-0.425637
-0.035957
0.363152
0.703555
0.938096
1.052668
1.066026
1.018461
0.954822
0.909087
0.896189
0.913011
0.946235
0.981999
1.012302
1.035539
1.051966
1.057651
1.041107
0.985122
0.873383
0.698702
0.468645
0.205476
-0.060005
-0.298170
-0.489628
-0.629797
-0.727308
-0.797442
-0.854010
-0.903505
-0.943973
-0.968594
-0.971607
-0.953296
-0.921364
-0.888170
-0.865298
-0.858427
-0.865103
-0.876499
-0.882201
-0.875544
-0.856829
-0.832913
-0.813560
-0.806527
-0.813923
-0.831609
-0.851786
-0.867223
-0.874886
-0.877069
-0.879514
-0.887678
-0.903130
-0.921924
-0.935656
-0.934400
-0.909805
-0.856713
-0.772776
-0.656957
-0.508645
-0.328902
-0.123944
0.090833
0.289043
0.436233
0.498075
0.451699
0.295829
0.054968
-0.225288
-0.491195
-0.697707
-0.822771
-0.873084
-0.878674
-0.878277
-0.901446
-0.954938
-1.019091
-1.055702
-1.023901
-0.897232
-0.674677
-0.381348
-0.059132
0.248071
0.507868
0.706125
0.844999
0.934487
0.982635
0.989647
0.948741
0.852909
0.703501
0.515788
0.318062
0.144177
0.022648
-0.032928
-0.028009
0.015694
0.068407
0.102156
0.098405
0.051151
-0.034404
-0.145588
-0.265893
-0.377034
-0.459668
-0.494308
-0.464031
-0.359286
-0.183314
0.044604
0.290639
0.513507
0.675511
0.753776
0.747441
0.677836
0.581469
0.498318
0.459750
0.480167
0.554796
0.663550
0.778788
0.873914
0.930182
0.940323
0.908908
0.850152
0.784015
0.731292
0.708321
0.722295
0.768516
0.831056
0.887479
0.916756
0.907762
0.864751
0.806779
0.760234
0.746743
0.771261
0.815853
0.842862
0.807328
0.674433
0.435073
0.112977
-0.240033
-0.559167
-0.786380
-0.886990
-0.857021
-0.719217
-0.510560
-0.267537
-0.015763
0.232118
0.470707
0.692633
0.881721
1.012869
1.059326
1.003936
0.848690
0.617454
0.349869
0.088627
-0.134478
-0.307694
-0.439762
-0.551787
-0.664448
-0.786407
-0.909010
-1.009247
-1.059205
-1.037404
-0.937021
-0.767808
-0.551603
-0.314313
-0.078340
0.141386
0.336940
0.504153
0.639507
0.739590
0.803532
0.836587
0.851790
0.867229
0.898774
0.950863
1.009875
1.044271
1.013222
0.881558
0.635554
0.292814
-0.098782
-0.473857
-0.769973
-0.948038
-1.004578
-0.970715
-0.898110
-0.837476
-0.818566
-0.839984
-0.873045
-0.877926
-0.824932
-0.711440
-0.566682
-0.441790
-0.388784
-0.437196
-0.578229
-0.763523
-0.919712
-0.973483
-0.877639
-0.628192
-0.266148
0.136403
0.500241
0.763945
0.900874
0.922895
0.870927
0.797164
0.746350
0.742826
0.786958
0.860488
0.937060
0.992992
1.014228
0.997927
0.949643
0.878759
0.794838
0.706408
0.621841
0.550838
0.504625
0.493897
0.524928
0.595524
0.692942
0.795290
0.876562
0.913917
0.894784
0.821303
0.710458
0.589798
0.490078
0.437119
0.445292
0.514265
0.629543
0.766111
0.893834
0.983112
1.009704
0.958202
0.824159
0.614944
0.349293
0.055225
-0.233922
-0.485227
-0.672811
-0.783701
-0.821014
-0.802991
-0.757694
-0.714769
-0.696980
-0.714510
-0.764052
-0.832804
-0.905337
-0.970016
-1.021865
-1.060541
-1.084596
-1.085440
-1.045000
-0.939676
-0.750200
-0.473803
-0.133130
0.223127
0.529889
0.723390
0.760845
0.634600
0.375007
0.040567
-0.300986
-0.593312
-0.805900
-0.937244
-1.006693
-1.039744
-1.054151
-1.053211
-1.028666
-0.970808
-0.879474
-0.769467
-0.666639
-0.595987
-0.567533
-0.567598
-0.560993
-0.504689
-0.367755
-0.148729
0.118151
0.372047
0.547474
0.600618
0.528975
0.375415
0.214003
0.122454
0.151879
0.305879
0.537451
0.765057
0.901548
0.884723
0.697951
0.373629
-0.020614
-0.406424
-0.719670
-0.926385
-1.024827
-1.035015
-0.982237
-0.882866
-0.738951
-0.543335
-0.291918
0.003680
0.309931
0.575587
0.745379
0.778086
0.661791
0.420153
0.107105
-0.208132
-0.460181
-0.604062
-0.623825
-0.531332
-0.357060
-0.137432
0.096132
0.322855
0.532061
0.718371
0.876117
0.996231
1.067217
1.079474
1.030421
0.927434
0.786578
0.627245
0.464898
0.305322
0.143344
-0.032838
-0.233163
-0.456665
-0.686179
-0.889911
-1.030304
-1.077400
-1.021633
-0.880689
-0.696931
-0.525543
-0.417290
-0.402125
-0.479864
-0.621447
-0.780163
-0.908216
-0.972012
-0.960308
-0.882661
-0.759935
-0.612072
-0.449201
-0.270216
-0.068956
0.155851
0.392778
0.616983
0.797872
0.911979
0.954657
0.944166
0.915003
0.902493
0.925372
0.974868
1.016373
1.004358
0.904779
0.715066
0.472010
0.242600
0.100244
0.095587
0.234150
0.470780
0.724140
0.906155
0.954906
0.857913
0.656539
0.429938
0.265071
0.224554
0.324416
0.529380
0.766155
0.948629
1.005235
0.899271
0.636792
0.261778
-0.157623
-0.546209
-0.837331
-0.984191
-0.966146
-0.790401
-0.489584
-0.115354
0.271682
0.614470
0.871729
1.026256
1.086125
1.077835
1.033574
0.977504
0.916810
0.841520
0.733299
0.579328
0.384768
0.177631
0.003097
-0.090992
-0.071664
0.065950
0.295194
0.565631
0.818548
1.003813
1.091598
1.075319
0.966340
0.784521
0.549884
0.279106
-0.012677
-0.307558
-0.582208
-0.810014
-0.968110
-1.046178
-1.052163
-1.010971
-0.955352
-0.912165
-0.890008
-0.874244
-0.832623
-0.730069
-0.546828
-0.292225
-0.007588
0.243890
0.397181
0.407969
0.269060
0.014243
-0.292035
-0.575375
-0.774897
-0.861075
-0.841952
-0.756354
-0.657505
-0.593634
-0.592683
-0.655966
-0.761918
-0.877198
-0.970142
-1.021324
-1.027840
-1.000863
-0.958592
-0.918271
-0.890561
-0.878141
-0.878055
-0.885881
-0.899124
-0.918120
-0.944230
-0.976693
-1.010289
-1.035561
-1.041907
-1.022327
-0.977353
-0.915956
-0.852403
-0.800115
-0.765285
-0.743458
-0.721287
-0.683338
-0.621217
-0.540792
-0.463494
-0.419999
-0.437888
-0.528053
-0.675778
-0.841214
-0.970432
-1.013797
-0.944993
-0.773078
-0.542251
-0.318571
-0.168023
-0.133990
-0.222608
-0.401577
-0.612826
-0.794036
-0.900673
-0.920211
-0.873467
-0.803225
-0.755264
-0.759603
-0.819294
-0.910694
-0.994427
-1.032072
-1.001737
-0.906499
-0.772917
-0.640689
-0.547860
-0.517180
-0.548358
-0.618480
-0.689807
-0.721902
-0.683953
-0.563671
-0.370529
-0.132998
0.109031
0.314433
0.451080
0.503758
0.477969
0.398704
0.304308
0.236703
0.230213
0.301809
0.445451
0.632247
0.816696
0.947531
0.980383
0.888970
0.671933
0.353778
-0.020070
-0.392556
-0.706233
-0.913863
-0.986315
-0.916501
-0.719104
-0.426541
-0.082238
0.267416
0.580960
0.828132
0.993419
1.076264
1.088045
1.046781
0.971020
0.874621
0.763865
0.637575
0.490028
0.315537
0.113133
-0.110279
-0.339381
-0.552851
-0.728128
-0.847215
-0.901870
-0.896602
-0.848419
-0.783174
-0.729258
-0.710248
-0.738501
-0.811568
-0.912527
-1.014263
-1.086568
-1.104068
-1.052813
-0.933816
-0.762786
-0.566488
-0.376919
-0.224950
-0.134794
-0.120121
-0.182086
-0.309116
-0.478256
-0.657983
-0.812478
-0.907111
-0.914549
-0.820327
-0.626507
-0.352238
-0.030781
0.296436
0.587248
0.805798
0.927579
0.941700
0.850527
0.667670
0.415309
0.121555
-0.182173
-0.464203
-0.696520
-0.859364
-0.945510
-0.962601
-0.932044
-0.883771
-0.847788
-0.844765
-0.878883
-0.935698
-0.986457
-0.997981
-0.945148
-0.821730
-0.645490
-0.455156
-0.299584
-0.222263
-0.246261
-0.365019
-0.542712
-0.724768
-0.855535
-0.897192
-0.843154
-0.720745
-0.581524
-0.482217
-0.462897
-0.530560
-0.654571
-0.776279
-0.829637
-0.765313
-0.569088
-0.267369
0.082394
0.412639
0.669566
0.830379
0.907048
0.935380
0.954407
0.985263
1.018889
1.018287
0.934726
0.731371
0.404408
-0.007330
-0.428797
-0.769339
-0.950110
-0.928397
-0.710312
-0.347876
0.077794
0.480839
0.794143
0.984773
1.057525
1.046983
1.001911
0.967494
0.970769
1.012988
1.070416
1.102853
1.067376
0.933573
0.696091
0.380617
0.040907
-0.253339
-0.435032
-0.459567
-0.319721
-0.050239
0.280346
0.588901
0.802193
0.878823
0.821182
0.673273
0.504962
0.387893
0.371169
0.464810
0.636379
0.821589
0.945211
0.945427
0.793959
0.505916
0.136630
-0.233273
-0.519957
-0.659089
-0.622660
-0.425223
-0.118015
0.227052
0.538468
0.764759
0.886615
0.917918
0.895788
0.863479
0.852434
0.869922
0.896634
0.894778
0.823431
0.655222
0.388330
0.049671
-0.311336
-0.635758
-0.870194
-0.979185
-0.951916
-0.802489
-0.564989
-0.285546
-0.013299
0.208407
0.349800
0.400572
0.372548
0.297634
0.220186
0.184686
0.221778
0.337281
0.508700
0.691623
0.834697
0.898249
0.869550
0.768476
0.640770
0.540958
0.511195
0.564186
0.676756
0.796643
0.859929
0.812672
0.629104
0.320490
-0.067479
-0.466774
-0.803934
-1.016504
-1.065124
-0.939655
-0.659710
-0.270895
0.162108
0.565036
0.865779
1.007438
0.960657
0.732127
0.366153
-0.062507
-0.463877
-0.752711
-0.868019
-0.786849
-0.528712
-0.149776
0.271109
0.650437
0.917456
1.027080
0.966081
0.752224
0.427493
0.047517
-0.330293
-0.657401
-0.901483
-1.049064
-1.103220
-1.077487
-0.988236
-0.848388
-0.664750
-0.439923
-0.177623
0.111238
0.404975
0.672432
0.879446
0.998515
1.018047
0.947512
0.816205
0.665777
0.538939
0.468153
0.467804
0.532001
0.637998
0.753597
0.846012
0.889842
0.872591
0.797075
0.680612
0.551227
0.441291
0.379421
0.382197
0.447892
0.554526
0.663789
0.730584
0.715804
0.598375
0.382301
0.095949
-0.216470
-0.508264
-0.743656
-0.906371
-1.000596
-1.044676
-1.060785
-1.065308
-1.063951
-1.053136
-1.026312
-0.981443
-0.925561
-0.873847
-0.843418
-0.844793
-0.875270
-0.917881
-0.947152
-0.939776
-0.885867
-0.795702
-0.698349
-0.631680
-0.626835
-0.692907
-0.808104
-0.921950
-0.969201
-0.891822
-0.661893
-0.297163
0.137326
0.543740
0.818806
0.885832
0.720914
0.364008
-0.089759
-0.516610
-0.800259
-0.865857
-0.700450
-0.353305
0.083438
0.506414
0.833420
1.025257
1.090227
1.071389
1.023192
0.987636
0.979406
0.984902
0.973882
0.917261
0.802538
0.640059
0.458029
0.289322
0.156778
0.063898
-0.004841
-0.074488
-0.165484
-0.281441
-0.404380
-0.499674
-0.528754
-0.464509
-0.303341
-0.069298
0.191223
0.422288
0.574429
0.618745
0.554931
0.411115
0.235847
0.084655
0.004930
0.023276
0.138820
0.324464
0.535846
0.725490
0.857719
0.919328
0.922143
0.896191
0.875781
0.883681
0.919750
0.959079
0.961048
0.886355
0.715456
0.460937
0.168342
-0.095580
-0.263305
-0.288269
-0.160081
0.091978
0.407820
0.713898
0.942537
1.047004
1.008597
0.835712
0.557560
0.216209
-0.140414
-0.463990
-0.710716
-0.846915
-0.855316
-0.740171
-0.528260
-0.263535
0.004429
0.234909
0.407960
0.528535
0.620333
0.711327
0.816935
0.928407
1.012225
1.021676
0.916285
0.681034
0.336865
-0.062433
-0.446185
-0.749247
-0.931799
-0.988647
-0.944900
-0.840809
-0.713100
-0.581127
-0.443463
-0.285331
-0.092213
0.137577
0.387673
0.628118
0.827000
0.963348
1.034944
1.057428
1.055432
1.050247
1.049952
1.046431
1.020108
0.949508
0.820768
0.632777
0.396378
0.129333
-0.149265
-0.421745
-0.670750
-0.876252
-1.014470
-1.061837
-1.004262
-0.848191
-0.627447
-0.400356
-0.235233
-0.187733
-0.278308
-0.479483
-0.719907
-0.905861
-0.953559
-0.820515
-0.523679
-0.136639
0.233959
0.484443
0.549444
0.423549
0.161703
-0.141086
-0.382537
-0.486020
-0.422050
-0.211912
0.085924
0.399748
0.669046
0.860673
0.972192
1.023208
1.039941
1.040061
1.023868
0.974617
0.867135
0.680719
0.411087
0.076718
-0.282916
-0.616890
-0.877132
-1.032816
-1.079907
-1.042263
-0.963313
-0.890637
-0.858394
-0.874058
-0.914779
-0.935705
-0.888155
-0.741364
-0.499461
-0.206345
0.064824
0.234881
0.246820
0.088415
-0.199633
-0.533870
-0.813516
-0.952227
-0.904742
-0.679020
-0.330060
0.061373
0.416397
0.681533
0.840078
0.908718
0.922928
0.918650
0.918274
0.926082
0.933320
0.928827
0.908971
0.881753
0.863210
0.868299
0.901058
0.949105
0.985370
0.976520
0.894563
0.726823
0.480490
0.180355
-0.138662
-0.440838
-0.697242
-0.889398
-1.008977
-1.055185
-1.032088
-0.947478
-0.813367
-0.646955
-0.470379
-0.308192
-0.182842
-0.109651
-0.093401
-0.128066
-0.199881
-0.292455
-0.391694
-0.488501
-0.578351
-0.658458
-0.724493
-0.769010
-0.782919
-0.759658
-0.700190
-0.616215
-0.529447
-0.466503
-0.450809
-0.494482
-0.593413
-0.727686
-0.867445
-0.982181
-1.050110
-1.064289
-1.033454
-0.977636
-0.920507
-0.881458
-0.870163
-0.885166
-0.916315
-0.949488
-0.971519
-0.973625
-0.952618
-0.910230
-0.851596
-0.783802
-0.714950
-0.653525
-0.607429
-0.582200
-0.578542
-0.589963
-0.601803
-0.592792
-0.539579
-0.423558
-0.238270
0.004942
0.275305
0.526348
0.704980
0.764240
0.676704
0.444863
0.105065
-0.277017
-0.619301
-0.842069
-0.888015
-0.738126
-0.418584
0.003828
0.437107
0.786247
0.976194
0.969197
0.771955
0.431205
0.019837
-0.381752
-0.703534
-0.898453
-0.947550
-0.857996
-0.656290
-0.379587
-0.067633
0.243247
0.523761
0.753106
0.918749
1.014956
1.040642
0.997381
0.888508
0.720168
0.504070
0.260657
0.020285
-0.179860
-0.303936
-0.329013
-0.255870
-0.113748
0.044848
0.159610
0.183830
0.103871
-0.051758
-0.218942
-0.319385
-0.289746
-0.107372
0.197944
0.551568
0.858660
1.036358
1.040892
0.879099
0.600577
0.274888
-0.035584
-0.295363
-0.500492
-0.667821
-0.815973
-0.948599
-1.048824
-1.087771
-1.042584
-0.914314
-0.735685
-0.563509
-0.457896
-0.457060
-0.559015
-0.718833
-0.863331
-0.917413
-0.831327
-0.597843
-0.253041
0.138502
0.506954
0.798924
0.989445
1.081223
1.094114
1.051609
0.971378
0.863645
0.736421
0.602815
0.484658
0.408885
0.397297
0.454274
0.558740
0.665413
0.716455
0.660179
0.470140
0.157451
-0.228535
-0.611823
-0.910024
-1.056763
-1.019426
-0.807247
-0.468100
-0.075716
0.288476
0.553785
0.674460
0.636812
0.458494
0.181136
-0.141106
-0.453865
-0.712744
-0.889282
-0.971989
-0.963261
-0.874056
-0.718696
-0.511686
-0.267308
-0.001384
0.266505
0.512314
0.709708
0.835184
0.874741
0.829725
0.719356
0.578375
0.449744
0.374060
0.378580
0.469115
0.627369
0.814908
0.982996
1.085838
1.093599
1.001447
0.831739
0.628409
0.444848
0.328683
0.308092
0.383982
0.530688
0.705080
0.861040
0.964327
1.002594
0.986977
0.944870
0.906784
0.892542
0.902381
0.916631
0.904177
0.836442
0.701271
0.511063
0.301700
0.122382
0.020022
0.023898
0.136085
0.330845
0.562749
0.780124
0.938749
1.011213
0.989462
0.881023
0.701832
0.469461
0.199719
-0.092505
-0.389708
-0.668588
-0.900200
-1.054865
-1.110793
-1.063184
-0.929702
-0.749125
-0.572436
-0.448707
-0.410479
-0.463995
-0.588181
-0.743013
-0.884351
-0.979668
-1.018592
-1.014193
-0.994552
-0.988197
-1.009549
-1.050587
-1.082557
-1.067317
-0.973868
-0.793391
-0.546470
-0.279314
-0.050125
0.089296
0.109832
0.013327
-0.169740
-0.391648
-0.603082
-0.767150
-0.867190
-0.906798
-0.903637
-0.880669
-0.858448
-0.850708
-0.863315
-0.895039
-0.938414
-0.979946
-1.000352
-0.976541
-0.886660
-0.717867
-0.474534
-0.183173
0.109238
0.344739
0.469687
0.451116
0.288219
0.014366
-0.311722
-0.622960
-0.863326
-1.003063
-1.044635
-1.017784
-0.966002
-0.929461
-0.930295
-0.964919
-1.005389
-1.008928
-0.932439
-0.747759
-0.453480
-0.080139
0.312943
0.649131
0.852306
0.867269
0.677520
0.314949
-0.142748
-0.588071
-0.910171
-1.024881
-0.899330
-0.562910
-0.100265
0.372211
0.739202
0.918090
0.879247
0.648985
0.295433
-0.096388
-0.450805
-0.719988
-0.889669
-0.972485
-0.994109
-0.979212
-0.943067
-0.890951
-0.823481
-0.743470
-0.659882
-0.586714
-0.537727
-0.520344
-0.532306
-0.563099
-0.599403
-0.631610
-0.657874
-0.683542
-0.716312
-0.759907
-0.809878
-0.854108
-0.878167
-0.872946
-0.840675
-0.796015
-0.761161
-0.756862
-0.793276
-0.864912
-0.952071
-1.028371
-1.071171
-1.070488
-1.032605
-0.977032
-0.928022
-0.904269
-0.910754
-0.935769
-0.953986
-0.934276
-0.849451
-0.684845
-0.443333
-0.145687
0.173537
0.473381
0.715402
0.872178
0.933535
0.908965
0.825408
0.720579
0.633245
0.592890
0.611620
0.680722
0.772961
0.850034
0.873028
0.812964
0.658700
0.420461
0.128545
-0.172144
-0.430451
-0.598786
-0.642921
-0.550217
-0.334521
-0.036009
0.285194
0.561220
0.732216
0.761470
0.645073
0.412432
0.116776
-0.181545
-0.433220
-0.613047
-0.723198
-0.785914
-0.829277
-0.872589
-0.917887
-0.951189
-0.952411
-0.908747
-0.824649
-0.723169
-0.637646
-0.597528
-0.615143
-0.679963
-0.763387
-0.832021
-0.863203
-0.855309
-0.827807
-0.810895
-0.829707
-0.890734
-0.977161
-1.055627
-1.091330
-1.064454
-0.980120
-0.867170
-0.766350
-0.713386
-0.724803
-0.792696
-0.890354
-0.985397
-1.053750
-1.087789
-1.095319
-1.090827
-1.084387
-1.074477
-1.048824
-0.992774
-0.900659
-0.783709
-0.669664
-0.593265
-0.581537
-0.640553
-0.750010
-0.868502
-0.947494
-0.948057
-0.853366
-0.672010
-0.431561
-0.166145
0.095826
0.338302
0.556299
0.748473
0.908284
1.018980
1.055520
0.993056
0.818392
0.539403
0.188278
-0.182944
-0.513128
-0.745541
-0.840086
-0.781295
-0.580727
-0.274028
0.086336
0.441271
0.736740
0.935041
1.023250
1.016092
0.951175
0.876617
0.833879
0.841270
0.884572
0.919485
0.886686
0.735071
0.444954
0.041987
-0.404531
-0.799565
-1.050706
-1.096896
-0.927089
-0.582254
-0.140614
0.307677
0.686565
0.951598
1.093895
1.131514
1.094014
1.007835
0.888382
0.740582
0.565294
0.366511
0.154799
-0.054821
-0.248683
-0.419910
-0.569526
-0.701889
-0.816543
-0.901176
-0.930455
-0.873044
-0.705087
-0.424805
-0.061539
0.325815
0.661958
0.876131
0.923696
0.800666
0.545951
0.230539
-0.062589
-0.261154
-0.321860
-0.239417
-0.044836
0.205127
0.443423
0.608646
0.657933
0.574763
0.370930
0.082922
-0.236431
-0.529629
-0.747394
-0.860037
-0.864367
-0.783929
-0.661984
-0.548937
-0.487813
-0.502321
-0.591218
-0.730530
-0.882358
-1.006752
-1.072358
-1.062482
-0.975468
-0.820678
-0.612910
-0.368078
-0.101664
0.170508
0.431015
0.661143
0.843730
0.967743
1.032425
1.048596
1.035822
1.016183
1.007041
1.015926
1.039624
1.067605
1.087746
1.091188
1.073851
1.033985
0.967624
0.865250
0.712712
0.497300
0.216989
-0.111454
-0.450110
-0.745925
-0.944133
-1.004605
-0.914796
-0.694012
-0.387026
-0.049551
0.268507
0.535338
0.740515
0.888977
0.989598
1.044607
1.045374
0.976708
0.827488
0.602140
0.326844
0.046763
-0.185269
-0.324211
-0.346067
-0.253690
-0.073281
0.156188
0.395581
0.614970
0.796781
0.933171
1.021029
1.058550
1.045894
0.989191
0.904562
0.818153
0.759901
0.752360
0.799235
0.879643
0.952402
0.970420
0.900347
0.739402
0.521550
0.309030
0.171228
0.158501
0.281166
0.502308
0.747748
0.929795
0.975947
0.851955
0.571144
0.187555
-0.223250
-0.587530
-0.852045
-0.992225
-1.009112
-0.919112
-0.742995
-0.499726
-0.207242
0.111875
0.424739
0.687594
0.852811
0.881911
0.759538
0.502099
0.156453
-0.211997
-0.537912
-0.774443
-0.904413
-0.940109
-0.912245
-0.853173
-0.781908
-0.697557
-0.584054
-0.423959
-0.214807
0.020037
0.232031
0.360907
0.356544
0.200781
-0.080068
-0.418213
-0.723292
-0.911259
-0.933084
-0.792543
-0.546106
-0.284284
-0.100699
-0.059700
-0.174030
-0.400444
-0.654787
-0.841095
-0.884515
-0.756688
-0.485144
-0.143988
0.170419
0.370274
0.403315
0.267477
0.009151
-0.293541
-0.556321
-0.714694
-0.742114
-0.655239
-0.505403
-0.359817
-0.278951
-0.297327
-0.413515
-0.591866
-0.774696
-0.900464
-0.921868
-0.818335
-0.599647
-0.300644
0.030118
0.343289
0.598964
0.771707
0.850319
0.834334
0.730108
0.548680
0.305968
0.024114
-0.268096
-0.537448
-0.751391
-0.884538
-0.924064
-0.871741
-0.741780
-0.555648
-0.336416
-0.105247
0.118711
0.315870
0.463857
0.538230
0.517831
0.393707
0.177960
-0.092255
-0.359177
-0.557823
-0.634824
-0.566328
-0.368073
-0.093109
0.182926
0.384321
0.457908
0.387963
0.198476
-0.057431
-0.316522
-0.525806
-0.657227
-0.712346
-0.716689
-0.707022
-0.716757
-0.764561
-0.849227
-0.951356
-1.040125
-1.082399
-1.051365
-0.932813
-0.728122
-0.453800
-0.138050
0.184904
0.481494
0.724983
0.899437
1.000310
1.031455
0.999830
0.910296
0.763180
0.556206
0.290501
-0.021923
-0.353047
-0.659641
-0.891383
-1.004627
-0.977260
-0.818943
-0.572082
-0.302137
-0.079842
0.038839
0.028171
-0.101754
-0.310894
-0.544046
-0.748931
-0.891124
-0.961060
-0.971607
-0.948311
-0.916708
-0.891662
-0.872273
-0.843472
-0.782945
-0.670430
-0.496074
-0.265273
0.001247
0.271914
0.512021
0.692594
0.798023
0.830301
0.808362
0.762331
0.724030
0.716701
0.747471
0.805686
0.868228
0.910134
0.916448
0.890129
0.851988
0.831826
0.853842
0.922401
1.014861
1.085722
1.081695
0.962442
0.718651
0.379607
0.006346
-0.327686
-0.561165
-0.665029
-0.650285
-0.560719
-0.454035
-0.379674
-0.362568
-0.399056
-0.465466
-0.534178
-0.588897
-0.631774
-0.679266
-0.749378
-0.847118
-0.955942
-1.040080
-1.057425
-0.977578
-0.797066
-0.544861
-0.275512
-0.052486
0.071673
0.070786
-0.049212
-0.255185
-0.499103
-0.732123
-0.915230
-1.023756
-1.046393
-0.981529
-0.834084
-0.614595
-0.340009
-0.034253
0.273506
0.553442
0.781052
0.941822
1.032098
1.055552
1.017037
0.917323
0.752141
0.516873
0.215236
-0.132348
-0.485634
-0.789905
-0.989421
-1.044782
-0.947691
-0.727012
-0.443048
-0.171380
0.018290
0.081132
0.007767
-0.176341
-0.421248
-0.668006
-0.863469
-0.970095
-0.969259
-0.859454
-0.652397
-0.369716
-0.041212
0.296375
0.602171
0.837078
0.972415
0.998644
0.930352
0.804279
0.669687
0.573680
0.546611
0.593293
0.693615
0.812446
0.914703
0.979089
1.004586
1.006912
1.006807
1.015872
1.027146
1.015552
0.949003
0.805701
0.589803
0.337634
0.110192
-0.026468
-0.025832
0.119373
0.370977
0.656101
0.891514
1.012596
0.995774
0.865748
0.684723
0.528043
0.455804
0.491398
0.614814
0.772340
0.897917
0.937053
0.864008
0.686426
0.437256
0.158964
-0.112335
-0.356140
-0.567339
-0.748315
-0.898728
-1.008985
-1.061127
-1.036856
-0.928546
-0.747349
-0.523595
-0.298254
-0.108512
0.026371
0.112382
0.177353
0.257490
0.379119
0.543462
0.721559
0.862576
0.913258
0.841185
0.652393
0.395264
0.147680
-0.009089
-0.020654
0.117524
0.353915
0.595071
0.736205
0.697898
0.455804
0.052390
-0.414005
-0.819395
-1.053209
-1.052679
-0.820885
-0.422905
0.037528
0.451702
0.737762
0.860253
0.832308
0.702293
0.532124
0.376451
0.270004
0.225701
0.241075
0.307329
0.415231
0.554849
0.710295
0.853953
0.945570
0.939463
0.799031
0.513681
0.110921
-0.342633
-0.753947
-1.027295
-1.091919
-0.924457
-0.558339
-0.076557
0.410309
0.794100
0.997972
0.995642
0.815713
0.530608
0.234093
0.014490
-0.068633
0.001958
0.200353
0.468786
0.736947
0.943257
1.051851
1.060476
0.997482
0.909356
0.843239
0.830297
0.875537
0.957337
1.036673
1.072575
1.038162
0.931403
0.776678
0.616641
0.497426
0.452712
0.492508
0.600548
0.741043
0.871837
0.958938
0.987018
0.962419
0.908173
0.853656
0.823239
0.828301
0.865222
0.919235
0.971880
1.008411
1.022126
1.014168
0.989506
0.951536
0.898123
0.821217
0.710430
0.559195
0.370857
0.161969
-0.039016
-0.197756
-0.283099
-0.276426
-0.178120
-0.008903
0.194771
0.390158
0.539850
0.622114
0.636660
0.603860
0.557390
0.532439
0.553166
0.623582
0.725064
0.821509
0.870593
0.837339
0.705325
0.481748
0.194830
-0.115061
-0.406852
-0.648327
-0.820530
-0.916248
-0.934625
-0.875712
-0.738546
-0.524351
-0.243439
0.078097
0.396466
0.655947
0.801927
0.797161
0.635086
0.344443
-0.017476
-0.381217
-0.685481
-0.893989
-1.002792
-1.035747
-1.030623
-1.021762
-1.026312
-1.039013
-1.036688
-0.989628
-0.874564
-0.684055
-0.429207
-0.135992
0.162154
0.431814
0.644577
0.778940
0.820475
0.762213
0.606431
0.367275
0.072188
-0.240187
-0.526697
-0.749792
-0.887786
-0.941129
-0.931663
-0.894396
-0.864394
-0.863524
-0.892072
-0.928448
-0.937204
-0.882378
-0.741411
-0.514751
-0.228066
0.073406
0.336234
0.512193
0.569757
0.500771
0.321000
0.065110
-0.222114
-0.495693
-0.718974
-0.868786
-0.936405
-0.924810
-0.843924
-0.706094
-0.523840
-0.310700
-0.084296
0.130719
0.302689
0.397850
0.389788
0.270562
0.058882
-0.199130
-0.438712
-0.593207
-0.613579
-0.483748
-0.225771
0.107385
0.448980
0.738998
0.940251
1.044276
1.065794
1.029313
0.954739
0.848676
0.705048
0.513813
0.272666
-0.004859
-0.289462
-0.544700
-0.740111
-0.862374
-0.918873
-0.931654
-0.924560
-0.909696
-0.880047
-0.812092
-0.677667
-0.459829
-0.165382
0.171924
0.499488
0.762238
0.920717
0.963648
0.910163
0.801232
0.684058
0.595644
0.551480
0.542758
0.542134
0.515076
0.432558
0.281197
0.068432
-0.177974
-0.415535
-0.596441
-0.679058
-0.639396
-0.479911
-0.232802
0.044336
0.280862
0.411112
0.393184
0.222367
-0.065943
-0.405696
-0.719486
-0.941296
-1.034789
-1.000784
-0.871728
-0.696109
-0.519415
-0.369325
-0.250418
-0.149350
-0.046878
0.069438
0.197747
0.322545
0.422377
0.480335
0.492198
0.468596
0.430699
0.401942
0.399789
0.431016
0.491833
0.571746
0.658547
0.741909
0.814496
0.871192
0.908166
0.923214
0.917505
0.897460
0.874752
0.863191
0.872990
0.904691
0.945960
0.973582
0.960749
0.887129
0.747533
0.555180
0.337731
0.127438
-0.050568
-0.186852
-0.289420
-0.377926
-0.472963
-0.585186
-0.709031
-0.823777
-0.901473
-0.918429
-0.865590
-0.753730
-0.611596
-0.477870
-0.389939
-0.373301
-0.434825
-0.561506
-0.724510
-0.886948
-1.012998
-1.076045
-1.063948
-0.980346
-0.841920
-0.672481
-0.495721
-0.328965
-0.180017
-0.048233
0.070685
0.178331
0.268700
0.327394
0.335918
0.279625
0.155895
-0.021417
-0.224008
-0.417551
-0.573448
-0.678914
-0.740699
-0.780256
-0.821919
-0.878982
-0.943929
-0.987675
-0.968979
-0.850917
-0.617973
-0.286753
0.094332
0.456877
0.731725
0.868812
0.850662
0.695193
0.447537
0.164475
-0.102655
-0.320812
-0.480212
-0.590888
-0.673254
-0.746656
-0.820150
-0.888272
-0.932766
-0.929166
-0.855777
-0.702037
-0.473583
-0.192392
0.108102
0.391438
0.627401
0.799027
0.904873
0.955720
0.966968
0.949820
0.905032
0.822178
0.685208
0.482397
0.216604
-0.088676
-0.390623
-0.636077
-0.775436
-0.776648
-0.634438
-0.371747
-0.033419
0.325118
0.649941
0.897847
1.040874
1.066718
0.977094
0.786153
0.519764
0.214789
-0.083609
-0.328225
-0.479438
-0.515841
-0.441929
-0.289095
-0.108256
0.044387
0.124053
0.110779
0.014771
-0.128103
-0.268809
-0.360904
-0.373909
-0.300045
-0.152969
0.039739
0.246566
0.440601
0.604086
0.728714
0.813189
0.860235
0.874671
0.862808
0.832301
0.791283
0.746231
0.699292
0.646625
0.579392
0.487895
0.367672
0.224926
0.078354
-0.044456
-0.115645
-0.117939
-0.053548
0.052841
0.158941
0.216619
0.186812
0.052531
-0.174568
-0.456308
-0.737989
-0.962786
-1.085862
-1.083987
-0.958481
-0.731686
-0.439253
-0.121317
0.184874
0.449583
0.652667
0.784177
0.844466
0.844141
0.803214
0.748452
0.708270
0.705714
0.751287
0.838355
0.943401
1.032075
1.069714
1.032982
0.918389
0.744109
0.543910
0.355003
0.204279
0.098368
0.021818
-0.055427
-0.163817
-0.318800
-0.510692
-0.704442
-0.850144
-0.900716
-0.830072
-0.644546
-0.382802
-0.103948
0.131732
0.281958
0.334185
0.305559
0.231696
0.149446
0.081224
0.027591
-0.028995
-0.111291
-0.231367
-0.379150
-0.520983
-0.609362
-0.600157
-0.470272
-0.228414
0.085582
0.412729
0.693496
0.885905
0.976434
0.980247
0.931666
0.869498
0.823304
0.805767
0.813044
0.831599
0.847477
0.853571
0.851973
0.851213
0.860567
0.884719
0.921476
0.963298
1.001363
1.029635
1.046621
1.053938
1.052813
1.040884
1.011720
0.957997
0.877131
0.776480
0.674765
0.597819
0.569401
0.600475
0.681871
0.784371
0.867540
0.894664
0.848045
0.737950
0.600514
0.484252
0.429808
0.451006
0.525507
0.600005
0.609133
0.501399
0.262027
-0.076770
-0.442980
-0.747526
-0.914371
-0.906741
-0.739678
-0.474349
-0.196621
0.011835
0.099342
0.058191
-0.076828
-0.243142
-0.371829
-0.408080
-0.324862
-0.127512
0.149643
0.451792
0.714565
0.875858
0.888026
0.729629
0.414601
-0.004664
-0.443791
-0.803703
-0.995822
-0.968125
-0.722832
-0.318131
0.148501
0.570667
0.866577
1.003253
1.002179
0.924432
0.841672
0.805110
0.825143
0.869583
0.880330
0.800563
0.600564
0.291557
-0.077284
-0.436074
-0.717515
-0.876511
-0.899272
-0.800560
-0.612928
-0.374378
-0.119827
0.121724
0.326234
0.473718
0.550361
0.553676
0.497627
0.413375
0.342767
0.325307
0.383118
0.510303
0.671899
0.813746
0.879870
0.830691
0.655183
0.372868
0.026106
-0.333081
-0.655894
-0.905074
-1.057571
-1.103654
-1.045784
-0.899372
-0.694743
-0.477124
-0.301064
-0.217889
-0.258888
-0.420525
-0.659052
-0.899328
-1.057099
-1.067899
-0.911801
-0.623844
-0.284868
0.004854
0.159815
0.138561
-0.042887
-0.318213
-0.595291
-0.788201
-0.844701
-0.759656
-0.571068
-0.342228
-0.138323
-0.006641
0.033321
-0.011397
-0.116217
-0.250072
-0.383483
-0.491635
-0.553767
-0.552143
-0.473573
-0.314113
-0.084766
0.185684
0.454055
0.673023
0.805428
0.837154
0.782963
0.682128
0.584906
0.534964
0.554789
0.639910
0.763960
0.891773
0.994159
1.057498
1.083971
1.083073
1.059524
1.004738
0.897347
0.713721
0.443940
0.105180
-0.255334
-0.571323
-0.779517
-0.844104
-0.772848
-0.616906
-0.453088
-0.355084
-0.365403
-0.479991
-0.652268
-0.814935
-0.910037
-0.913907
-0.845979
-0.757476
-0.705279
-0.722897
-0.801975
-0.893033
-0.925495
-0.838315
-0.607762
-0.260035
0.136800
0.498061
0.753985
0.874183
0.875149
0.808595
0.736667
0.705436
0.728008
0.783751
0.832640
0.837141
0.781349
0.678967
0.567311
0.490872
0.482358
0.549675
0.674066
0.819342
0.947334
1.032342
1.068478
1.067411
1.048453
1.026141
1.001157
0.958538
0.873663
0.723223
0.496417
0.201904
-0.131985
-0.463468
-0.747396
-0.945570
-1.034211
-1.007034
-0.874177
-0.658520
-0.391142
-0.107267
0.157069
0.368069
0.497570
0.526963
0.450962
0.279878
0.038997
-0.235671
-0.504751
-0.734152
-0.902467
-1.004726
-1.051263
-1.062131
-1.059069
-1.057938
-1.064173
-1.072721
-1.072070
-1.050516
-1.002106
-0.930011
-0.846247
-0.768116
-0.712949
-0.693072
-0.712609
-0.766855
-0.843966
-0.928123
-1.003145
-1.055744
-1.077919
-1.068292
-1.032149
-0.980129
-0.925599
-0.881129
-0.854982
-0.848811
-0.857521
-0.871702
-0.881805
-0.882496
-0.875181
-0.867362
-0.868705
-0.885298
-0.914589
-0.943549
-0.951440
-0.916743
-0.825862
-0.680289
-0.499079
-0.315168
-0.166223
-0.082881
-0.078308
-0.142728
-0.245045
-0.341353
-0.387889
-0.354578
-0.235036
-0.049955
0.157326
0.331963
0.422451
0.395019
0.243536
-0.007891
-0.310374
-0.602172
-0.823673
-0.931193
-0.905909
-0.755849
-0.511121
-0.214492
0.089457
0.363509
0.583342
0.738972
0.832980
0.876999
0.887776
0.883495
0.880492
0.890308
0.917304
0.957382
0.998579
1.023808
1.015230
0.958927
0.848188
0.684335
0.475073
0.231647
-0.033354
-0.306209
-0.570318
-0.804129
-0.981187
-1.074191
-1.062978
-0.943944
-0.736718
-0.484026
-0.242897
-0.068931
0.001368
-0.036372
-0.151367
-0.286519
-0.376464
-0.368589
-0.239674
-0.002622
0.298382
0.601688
0.845541
0.983073
0.990931
0.870488
0.643382
0.344313
0.013733
-0.308292
-0.587141
-0.798080
-0.930054
-0.987802
-0.990786
-0.967956
-0.949071
-0.955009
-0.990618
-1.043050
-1.086509
-1.091693
-1.036125
-0.911385
-0.724632
-0.494595
-0.244606
0.003758
0.233718
0.432597
0.589242
0.692508
0.732932
0.707520
0.625092
0.508507
0.390979
0.306466
0.277320
0.304496
0.365230
0.420228
0.428309
0.362808
0.222899
0.034795
-0.158014
-0.311664
-0.398971
-0.419575
-0.399036
-0.377408
-0.392260
-0.463266
-0.584617
-0.728062
-0.854899
-0.931687
-0.943223
-0.897824
-0.823308
-0.755769
-0.725896
-0.748058
-0.815879
-0.905274
-0.983185
-1.018497
-0.991379
-0.898438
-0.752782
-0.579883
-0.411024
-0.276435
-0.199561
-0.193331
-0.258524
-0.384071
-0.549093
-0.726477
-0.887733
-1.008538
-1.073967
-1.082020
-1.044232
-0.982654
-0.923590
-0.889672
-0.892559
-0.928733
-0.979925
-1.018236
-1.014384
-0.946268
-0.805086
-0.597067
-0.340681
-0.060852
0.217313
0.472988
0.691174
0.861853
0.978469
1.037557
1.040322
0.995368
0.920429
0.840813
0.783496
0.768038
0.797612
0.854277
0.901625
0.895193
0.797661
0.593551
0.297655
-0.046397
-0.377383
-0.633677
-0.770313
-0.770070
-0.645345
-0.431286
-0.173856
0.082235
0.301742
0.461801
0.550857
0.566409
0.514052
0.408429
0.274555
0.146802
0.063471
0.057057
0.143003
0.311434
0.526013
0.731697
0.869667
0.894633
0.788553
0.566035
0.269846
-0.041449
-0.309005
-0.487208
-0.551470
-0.499332
-0.346459
-0.120410
0.145292
0.415605
0.657387
0.842874
0.953903
0.986220
0.952032
0.878602
0.801837
0.755759
0.760897
0.815774
0.895069
0.955969
0.951295
0.845491
0.628270
0.321442
-0.023544
-0.336917
-0.547763
-0.602496
-0.479793
-0.198119
0.186223
0.590475
0.923997
1.110048
1.105632
0.914195
0.587108
0.212411
-0.107341
-0.282804
-0.263545
-0.053839
0.286892
0.660088
0.956359
1.087775
1.014115
0.754791
0.382534
0.000907
-0.287169
-0.409894
-0.346718
-0.132387
0.155502
0.420723
0.576470
0.568823
0.389388
0.074655
-0.306306
-0.671223
-0.945257
-1.077649
-1.050983
-0.881989
-0.614880
-0.309629
-0.028194
0.178364
0.279437
0.269496
0.167186
0.009358
-0.158441
-0.292764
-0.361809
-0.351540
-0.267164
-0.130009
0.028904
0.176551
0.284752
0.334638
0.318204
0.237392
0.101718
-0.074416
-0.274030
-0.479286
-0.672850
-0.839183
-0.965828
-1.044415
-1.070959
-1.045178
-0.969067
-0.845353
-0.676739
-0.466568
-0.220794
0.049648
0.327489
0.590096
0.813192
0.976526
1.069625
1.095326
1.069452
1.016341
0.961644
0.924909
0.914704
0.927906
0.953184
0.976987
0.989398
0.987528
0.975371
0.960706
0.950900
0.949739
0.956669
0.968345
0.981196
0.993121
1.003066
1.008553
1.002554
0.971941
0.899109
0.767125
0.566783
0.302781
-0.003908
-0.319155
-0.603794
-0.824217
-0.961727
-1.017252
-1.009711
-0.968711
-0.924352
-0.897941
-0.896876
-0.915271
-0.939547
-0.956356
-0.959395
-0.952240
-0.946061
-0.953171
-0.979146
-1.016923
-1.045636
-1.035239
-0.955683
-0.787647
-0.530909
-0.207123
0.144369
0.476612
0.747700
0.931771
1.024595
1.042083
1.012646
0.966618
0.926887
0.904024
0.897157
0.899221
0.903428
0.907622
0.914523
0.928228
0.949369
0.972074
0.984952
0.976003
0.939117
0.878593
0.808832
0.748740
0.713127
0.705326
0.715032
0.723006
0.710895
0.671543
0.614536
0.563620
0.546487
0.581382
0.666908
0.780379
0.886297
0.951584
0.960682
0.923213
0.869929
0.838141
0.852838
0.912241
0.984977
1.021067
0.972746
0.816448
0.566461
0.274008
0.011686
-0.150772
-0.169857
-0.041891
0.197708
0.488124
0.763527
0.971994
1.086512
1.105878
1.047631
0.938029
0.803816
0.668351
0.551414
0.470083
0.437925
0.461770
0.537684
0.649203
0.770431
0.874066
0.941515
0.970293
0.974514
0.977052
0.996153
1.032410
1.062765
1.045582
0.936151
0.707025
0.364719
-0.044778
-0.445150
-0.751083
-0.894178
-0.843953
-0.616253
-0.266507
0.128787
0.494668
0.775845
0.944537
0.997228
0.944415
0.799987
0.576095
0.285606
-0.050293
-0.395173
-0.697161
-0.898521
-0.953164
-0.845597
-0.602879
-0.292859
-0.007004
0.167596
0.177548
0.022898
-0.240646
-0.518742
-0.709205
-0.735841
-0.573308
-0.254234
0.143594
0.524925
0.809241
0.955833
0.973187
0.910225
0.833707
0.800977
0.838316
0.932646
1.038714
1.098237
1.063061
0.913554
0.665658
0.364617
0.068446
-0.172187
-0.330110
-0.408096
-0.433789
-0.445587
-0.475192
-0.533521
-0.605249
-0.653932
-0.635787
-0.517074
-0.288772
0.026829
0.380123
0.707620
0.950418
1.071586
1.066755
0.964484
0.816486
0.680983
0.604736
0.609378
0.686072
0.799610
0.900052
0.937800
0.877448
0.706619
0.438045
0.105314
-0.245575
-0.566157
-0.814526
-0.962042
-0.997209
-0.926884
-0.775064
-0.579331
-0.384963
-0.237003
-0.171260
-0.206039
-0.336847
-0.536112
-0.758777
-0.952995
-1.073335
-1.092818
-1.010196
-0.850092
-0.655836
-0.477122
-0.356258
-0.317199
-0.360544
-0.465636
-0.598549
-0.722930
-0.809913
-0.844063
-0.823948
-0.758011
-0.658090
-0.533504
-0.388068
-0.220950
-0.030505
0.181006
0.404194
0.622489
0.815452
0.964206
1.056860
1.091810
1.077806
1.030926
0.969821
0.911069
0.866131
0.840498
0.834639
0.845728
0.869139
0.899331
0.930272
0.956072
0.972202
0.977149
0.973630
0.968259
0.969048
0.981113
1.002090
1.019504
1.011838
0.953869
0.824913
0.617153
0.340729
0.023231
-0.296746
-0.579968
-0.797233
-0.936491
-1.003988
-1.019326
-1.006764
-0.986416
-0.968782
-0.954394
-0.937994
-0.914767
-0.885331
-0.857053
-0.841084
-0.846721
-0.875892
-0.920644
-0.965081
-0.991140
-0.985781
-0.946489
-0.882632
-0.812053
-0.754376
-0.723887
-0.724989
-0.752032
-0.793228
-0.836573
-0.874763
-0.906684
-0.934808
-0.959988
-0.976611
-0.971177
-0.925981
-0.827005
-0.672932
-0.480947
-0.285812
-0.131188
-0.055403
-0.076618
-0.183192
-0.333641
-0.467208
-0.522122
-0.455542
-0.258383
0.040131
0.379726
0.685609
0.888780
0.943703
0.838415
0.595004
0.261635
-0.100526
-0.431446
-0.684099
-0.832238
-0.873517
-0.828209
-0.733912
-0.636800
-0.580435
-0.594076
-0.683405
-0.826924
-0.980136
-1.087425
-1.098548
-0.984452
-0.746798
-0.417464
-0.048151
0.305971
0.602101
0.819052
0.956766
1.027406
1.043079
1.006626
0.910093
0.741563
0.496555
0.187715
-0.152829
-0.480593
-0.752677
-0.942253
-1.046659
-1.085025
-1.086218
-1.072731
-1.048213
-0.994917
-0.882600
-0.685063
-0.396554
-0.040176
0.336041
0.674129
0.925813
1.068241
1.109045
1.078921
1.015515
0.946244
0.877896
0.797313
0.682329
0.517228
0.305207
0.071946
-0.141313
-0.291871
-0.350486
-0.310671
-0.188871
-0.016373
0.172637
0.351165
0.503502
0.622555
0.703187
0.736172
0.706837
0.599717
0.407321
0.138642
-0.177088
-0.493994
-0.759816
-0.929259
-0.975504
-0.895799
-0.709621
-0.450856
-0.157704
0.135681
0.403111
0.625640
0.788198
0.876705
0.878213
0.784826
0.599860
0.343227
0.052794
-0.220178
-0.421190
-0.505626
-0.450876
-0.263554
0.020641
0.344586
0.642788
0.856198
0.944859
0.895331
0.721536
0.459494
0.157890
-0.132891
-0.370661
-0.528325
-0.596782
-0.583796
-0.509570
-0.400276
-0.281084
-0.170245
-0.075529
0.006186
0.086137
0.178551
0.294668
0.437787
0.600907
0.767818
0.917302
1.029169
1.090114
1.097504
1.059928
0.994404
0.921316
0.858812
0.818470
0.803500
0.809751
0.828864
0.852186
0.873958
0.892620
0.909869
0.927910
0.946140
0.958726
0.954406
0.919068
0.840674
0.715006
0.550069
0.366963
0.196050
0.068742
0.007110
0.014803
0.072918
0.143225
0.178743
0.138841
0.004027
-0.214891
-0.476999
-0.721468
-0.884819
-0.919695
-0.808938
-0.570417
-0.251354
0.085428
0.378296
0.581040
0.670529
0.646646
0.526340
0.335374
0.101356
-0.149934
-0.395070
-0.612248
-0.781504
-0.887233
-0.922460
-0.892889
-0.818069
-0.728094
-0.655959
-0.627911
-0.655200
-0.730569
-0.831039
-0.926250
-0.989304
-1.006117
-0.979716
-0.927866
-0.875002
-0.841579
-0.835073
-0.846205
-0.852033
-0.824919
-0.744104
-0.605477
-0.425746
-0.239107
-0.087371
-0.006925
-0.017159
-0.114538
-0.274380
-0.459541
-0.632659
-0.767345
-0.854348
-0.900822
-0.923683
-0.940292
-0.960563
-0.983655
-1.000171
-0.998387
-0.971314
-0.921323
-0.860254
-0.805108
-0.771192
-0.765508
-0.782844
-0.805798
-0.808552
-0.763225
-0.647212
-0.450133
-0.179120
0.138714
0.457889
0.721178
0.871213
0.865220
0.689105
0.365964
-0.045248
-0.462395
-0.801610
-1.001037
-1.038677
-0.937572
-0.756063
-0.566656
-0.431620
-0.384708
-0.425598
-0.527920
-0.655735
-0.779840
-0.886022
-0.972077
-1.036551
-1.067010
-1.036040
-0.909412
-0.664094
-0.307777
0.110634
0.507118
0.785502
0.869592
0.731644
0.404905
-0.025878
-0.452926
-0.781752
-0.961028
-0.994589
-0.932044
-0.843446
-0.789701
-0.801092
-0.871604
-0.969028
-1.053900
-1.097383
-1.090018
-1.038917
-0.956972
-0.851317
-0.717894
-0.544914
-0.322911
-0.055345
0.236546
0.517862
0.751617
0.912316
0.994985
1.015339
1.001061
0.978370
0.960217
0.941381
0.902412
0.820127
0.679632
0.482353
0.246779
0.002031
-0.222555
-0.407181
-0.546748
-0.649739
-0.731828
-0.807198
-0.881154
-0.946772
-0.986728
-0.979575
-0.908331
-0.768590
-0.573402
-0.353084
-0.149461
-0.005728
0.045255
-0.009408
-0.158502
-0.369806
-0.599728
-0.806067
-0.959165
-1.047105
-1.073102
-1.046785
-0.974017
-0.850864
-0.665567
-0.408441
-0.085269
0.272838
0.609559
0.856041
0.953019
0.874304
0.641778
0.324423
0.019826
-0.176295
-0.201877
-0.049846
0.229048
0.543049
0.789671
0.888392
0.804345
0.555451
0.201949
-0.176371
-0.506185
-0.740791
-0.868595
-0.909074
-0.899768
-0.880357
-0.879574
-0.908610
-0.961636
-1.021608
-1.068292
-1.085623
-1.066483
-1.014198
-0.941148
-0.865197
-0.805058
-0.775517
-0.783574
-0.826389
-0.891710
-0.960930
-1.014156
-1.036038
-1.020624
-0.973665
-0.911371
-0.855754
-0.827603
-0.839199
-0.888917
-0.959664
-1.022025
-1.041632
-0.988959
-0.848691
-0.625780
-0.345975
-0.050359
0.214612
0.408484
0.505873
0.500393
0.402588
0.233432
0.016737
-0.225932
-0.475751
-0.713034
-0.912578
-1.042060
-1.066512
-0.958951
-0.713595
-0.355738
0.057546
0.448626
0.740351
0.880140
0.858154
0.711949
0.514829
0.351373
0.288743
0.354266
0.527336
0.748202
0.939741
1.033662
0.991661
0.814721
0.538948
0.221453
-0.077235
-0.307830
-0.440275
-0.464921
-0.389453
-0.234777
-0.031860
0.180682
0.359885
0.464257
0.462133
0.340459
0.110536
-0.192326
-0.516197
-0.805010
-1.011976
-1.109378
-1.091798
-0.972679
-0.776813
-0.532593
-0.267050
-0.004688
0.231343
0.418318
0.535419
0.567930
0.512305
0.379260
0.192552
-0.016829
-0.218945
-0.392166
-0.526287
-0.620461
-0.677594
-0.698693
-0.680712
-0.619376
-0.515571
-0.381467
-0.242051
-0.129707
-0.072855
-0.083107
-0.146897
-0.226370
-0.270652
-0.234088
-0.094589
0.135412
0.410408
0.665900
0.840281
0.896430
0.834858
0.693318
0.532973
0.416195
0.384232
0.442816
0.560825
0.682183
0.746385
0.710038
0.561657
0.324556
0.047195
-0.215092
-0.419907
-0.551636
-0.624121
-0.671299
-0.729613
-0.819354
-0.932627
-1.033205
-1.068851
-0.991643
-0.778354
-0.442652
-0.033883
0.377493
0.722355
0.954578
1.063546
1.072963
1.027195
0.971459
0.934468
0.920726
0.914945
0.895453
0.849479
0.782523
0.717083
0.681391
0.693670
0.749852
0.821208
0.863818
0.836234
0.717822
0.519676
0.283229
0.066884
-0.073894
-0.105100
-0.024385
0.140141
0.340735
0.525105
0.649644
0.686672
0.625172
0.467616
0.226709
-0.075362
-0.405380
-0.718061
-0.959218
-1.075242
-1.027614
-0.807799
-0.446047
-0.008906
0.415853
0.743163
0.915601
0.920432
0.792246
0.599933
0.422635
0.323498
0.330787
0.432922
0.588378
0.745621
0.864486
0.930193
0.954743
0.965818
0.988719
1.029731
1.068655
1.064227
0.970627
0.758392
0.430991
0.029791
-0.375231
-0.706111
-0.901371
-0.935379
-0.825683
-0.626063
-0.408381
-0.240228
-0.166237
-0.198883
-0.320444
-0.493585
-0.675426
-0.829735
-0.933880
-0.980028
-0.972406
-0.923295
-0.849684
-0.770973
-0.706792
-0.673944
-0.682320
-0.731169
-0.807816
-0.890528
-0.955463
-0.985433
-0.976825
-0.941374
-0.901446
-0.880596
-0.893414
-0.939359
-1.003499
-1.063876
-1.101988
-1.111265
-1.099270
-1.082437
-1.075808
-1.082901
-1.090969
-1.074471
-1.005736
-0.868317
-0.667035
-0.430069
-0.201840
-0.029373
0.052520
0.031617
-0.079295
-0.248074
-0.434000
-0.599234
-0.716978
-0.774416
-0.770813
-0.712829
-0.609546
-0.469019
-0.297045
-0.097976
0.123102
0.357515
0.590211
0.798059
0.950494
1.013692
0.958587
0.771282
0.462554
0.072166
-0.335639
-0.686262
-0.915429
-0.989824
-0.919771
-0.757910
-0.582682
-0.471283
-0.471485
-0.582939
-0.755591
-0.906616
-0.950201
-0.829455
-0.538772
-0.128514
0.309533
0.670491
0.868344
0.860659
0.658445
0.319226
-0.072839
-0.432147
-0.693900
-0.827346
-0.837775
-0.758848
-0.639298
-0.528624
-0.465513
-0.470924
-0.546077
-0.674520
-0.826954
-0.967621
-1.061175
-1.079128
-1.004995
-0.837281
-0.589697
-0.288460
0.032874
0.339939
0.603906
0.806105
0.939710
1.008104
1.020528
0.986514
0.911186
0.793319
0.627292
0.408542
0.140702
-0.158465
-0.455237
-0.703988
-0.856824
-0.876299
-0.747226
-0.483420
-0.126739
0.261748
0.615922
0.879828
1.019470
1.028094
0.924321
0.744719
0.533910
0.335273
0.184239
0.104579
0.106956
0.188624
0.333655
0.514058
0.692621
0.828267
0.883676
0.833747
0.672431
0.415528
0.097957
-0.234174
-0.534637
-0.768050
-0.917518
-0.986771
-0.996419
-0.975773
-0.952990
-0.946596
-0.960879
-0.986271
-1.004288
-0.995133
-0.945342
-0.852886
-0.727962
-0.589200
-0.456662
-0.344157
-0.253823
-0.175232
-0.089594
0.022267
0.171127
0.353251
0.549598
0.731062
0.868118
0.941406
0.949280
0.909347
0.853074
0.815190
0.821441
0.878817
0.971650
1.064977
1.114275
1.078745
0.934384
0.683040
0.354912
0.003460
-0.306299
-0.513428
-0.576825
-0.486891
-0.269677
0.018175
0.302875
0.511977
0.592792
0.525342
0.325969
0.040634
-0.269781
-0.547253
-0.751733
-0.869071
-0.909999
-0.901524
-0.874566
-0.852367
-0.843292
-0.839546
-0.821139
-0.763054
-0.643159
-0.449084
-0.183025
0.135881
0.471992
0.776885
0.996795
1.083420
1.006382
0.764208
0.390042
-0.050961
-0.473428
-0.790558
-0.935067
-0.876197
-0.627574
-0.243424
0.195739
0.603640
0.908994
1.070872
1.085077
0.980826
0.809691
0.630510
0.494411
0.433548
0.455715
0.545537
0.671320
0.795430
0.885279
0.921903
0.903758
0.844896
0.768447
0.698009
0.650239
0.631354
0.638492
0.664631
0.704154
0.755779
0.821054
0.898944
0.979446
1.040187
1.049031
0.973094
0.791352
0.505887
0.146621
-0.233299
-0.570607
-0.809155
-0.915041
-0.884243
-0.740371
-0.524061
-0.278744
-0.038528
0.177575
0.363840
0.520633
0.646037
0.730553
0.757372
0.707907
0.570126
0.346110
0.055910
-0.263624
-0.564599
-0.796656
-0.916327
-0.895423
-0.727277
-0.430078
-0.046548
0.360741
0.718685
0.956949
1.023052
0.895783
0.592931
0.170164
-0.289869
-0.696269
-0.971755
-1.071651
-0.994457
-0.780863
-0.501442
-0.236741
-0.055634
0.001773
-0.067958
-0.234634
-0.446740
-0.648723
-0.797679
-0.874434
-0.886072
-0.859793
-0.830784
-0.828436
-0.865670
-0.934614
-1.009762
-1.057071
-1.045535
-0.957270
-0.792777
-0.570033
-0.318232
-0.068661
0.153988
0.337154
0.481336
0.596676
0.696777
0.791994
0.884365
0.965555
1.018314
1.020944
0.953564
0.804556
0.575445
0.282777
-0.043839
-0.367367
-0.651359
-0.868192
-1.005014
-1.065504
-1.066805
-1.032746
-0.985793
-0.940685
-0.901911
-0.865517
-0.823909
-0.771002
-0.705086
-0.628120
-0.542117
-0.444944
-0.328474
-0.180956
0.006578
0.232375
0.478291
0.709801
0.883056
0.957431
0.909445
0.742894
0.491032
0.209323
-0.039386
-0.202659
-0.253532
-0.198074
-0.073135
0.064895
0.156785
0.157628
0.049575
-0.153277
-0.408973
-0.659463
-0.846692
-0.928607
-0.890684
-0.749753
-0.549042
-0.345823
-0.195311
-0.135656
-0.178515
-0.307910
-0.487162
-0.671020
-0.818327
-0.900912
-0.906214
-0.834132
-0.691076
-0.485198
-0.225664
0.073755
0.389464
0.685451
0.917029
1.041749
1.034493
0.900705
0.681210
0.444473
0.267088
0.208395
0.288416
0.477908
0.705440
0.879882
0.920782
0.785707
0.484553
0.075712
-0.354214
-0.719309
-0.961106
-1.063774
-1.053226
-0.981973
-0.906782
-0.868224
-0.879512
-0.927560
-0.984067
-1.020747
-1.021949
-0.989924
-0.941711
-0.900121
-0.883458
-0.898217
-0.937211
-0.982723
-1.012485
-1.005680
-0.947040
-0.828655
-0.650385
-0.420024
-0.153665
0.124286
0.382815
0.588694
0.713348
0.740323
0.670531
0.522695
0.328066
0.120922
-0.071718
-0.237004
-0.376906
-0.502296
-0.623038
-0.738555
-0.833269
-0.879332
-0.845950
-0.711754
-0.475327
-0.159702
0.190943
0.521125
0.776843
0.917097
0.920941
0.789092
0.541221
0.211208
-0.157662
-0.516821
-0.816505
-1.011090
-1.066247
-0.966985
-0.724022
-0.375232
0.020113
0.394165
0.687409
0.864456
0.923234
0.893934
0.827575
0.777782
0.781938
0.848269
0.953233
1.049996
1.084826
1.015562
0.825894
0.530904
0.172524
-0.192932
-0.510632
-0.741211
-0.868798
-0.901291
-0.863774
-0.787956
-0.701395
-0.619817
-0.544499
-0.464828
-0.364691
-0.230257
-0.056601
0.148863
0.367088
0.571922
0.737010
0.842930
0.882309
0.861276
0.796709
0.710042
0.619640
0.534272
0.450056
0.352216
0.221328
0.042269
-0.187175
-0.451113
-0.715977
-0.937007
-1.069237
-1.079823
-0.957873
-0.718691
-0.400872
-0.057009
0.259300
0.506324
0.663237
0.732962
0.738380
0.713570
0.692997
0.701964
0.750782
0.833711
0.932175
1.020545
1.072482
1.066239
0.988139
0.834275
0.611024
0.334882
0.031685
-0.265142
-0.517923
-0.689950
-0.752165
-0.689976
-0.508393
-0.233564
0.090382
0.409096
0.668864
0.828061
0.866381
0.789442
0.627580
0.428974
0.248637
0.135711
0.121866
0.213390
0.388867
0.603200
0.797465
0.912698
0.904584
0.755380
0.479801
0.122672
-0.251606
-0.575374
-0.795430
-0.886929
-0.859180
-0.751382
-0.619583
-0.519051
-0.487801
-0.536511
-0.647733
-0.783934
-0.900898
-0.961384
-0.944487
-0.848210
-0.685772
-0.478413
-0.248290
-0.014161
0.209460
0.410975
0.580456
0.710189
0.797036
0.845002
0.865536
0.873995
0.882768
0.893861
0.894950
0.862077
0.769451
0.603191
0.373262
0.117462
-0.106024
-0.236433
-0.232718
-0.091721
0.145637
0.403895
0.595919
0.651260
0.539584
0.280341
-0.065004
-0.415123
-0.696825
-0.868285
-0.929110
-0.914223
-0.875095
-0.856566
-0.878765
-0.931082
-0.979808
-0.985486
-0.922246
-0.791047
-0.621502
-0.461858
-0.361396
-0.352291
-0.437879
-0.591506
-0.765874
-0.908969
-0.980467
-0.962796
-0.863518
-0.709182
-0.533930
-0.367754
-0.228875
-0.122508
-0.045393
0.007027
0.034782
0.032077
-0.008706
-0.089635
-0.200308
-0.315396
-0.398912
-0.414509
-0.338206
-0.168411
0.071254
0.338137
0.583889
0.770012
0.879545
0.920305
0.918453
0.905344
0.903308
0.916566
0.931079
0.923229
0.873329
0.777706
0.653823
0.535849
0.462235
0.460351
0.534411
0.661619
0.798041
0.891960
0.899801
0.799117
0.594712
0.316786
0.012671
-0.264562
-0.467235
-0.561592
-0.532718
-0.386018
-0.145753
0.148920
0.450139
0.709232
0.885240
0.952327
0.904144
0.753911
0.530210
0.270054
0.011602
-0.211281
-0.371651
-0.449918
-0.433879
-0.320084
-0.116999
0.151392
0.444328
0.708059
0.885719
0.931523
0.824921
0.579285
0.240935
-0.122467
-0.441012
-0.662902
-0.768936
-0.775940
-0.727985
-0.678694
-0.671140
-0.722505
-0.818597
-0.919613
-0.974388
-0.937864
-0.785818
-0.522587
-0.180182
0.189898
0.529044
0.784426
0.919357
0.919313
0.793023
0.569022
0.288646
-0.003067
-0.266696
-0.475878
-0.620907
-0.707338
-0.749895
-0.763642
-0.755635
-0.720481
-0.641964
-0.500658
-0.284852
-0.000455
0.324565
0.643749
0.903227
1.056704
1.078928
0.972588
0.765983
0.502469
0.225909
-0.032070
-0.258124
-0.454620
-0.630325
-0.789201
-0.923005
-1.011587
-1.031254
-0.967664
-0.827237
-0.641307
-0.460010
-0.337201
-0.311741
-0.392366
-0.552355
-0.736486
-0.878042
-0.919676
-0.830565
-0.613976
-0.303396
0.050099
0.393391
0.683509
0.892579
1.005571
1.014466
0.913991
0.702745
0.390012
0.004715
-0.399516
-0.748509
-0.962763
-0.980422
-0.780250
-0.395398
0.089002
0.555785
0.887920
1.002514
0.874873
0.544085
0.098100
-0.356247
-0.727362
-0.964994
-1.069439
-1.081620
-1.059081
-1.048039
-1.062780
-1.080223
-1.051334
-0.924305
-0.669886
-0.298628
0.137002
0.556667
0.877330
1.040278
1.030251
0.879861
0.658043
0.446907
0.315404
0.298933
0.391511
0.552336
0.723371
0.850896
0.903051
0.877431
0.796929
0.696503
0.606867
0.541787
0.493869
0.440052
0.354108
0.220736
0.045378
-0.144247
-0.305587
-0.394925
-0.382279
-0.262273
-0.057386
0.187212
0.415200
0.573186
0.623174
0.550309
0.364606
0.097128
-0.207723
-0.501699
-0.742056
-0.899229
-0.961693
-0.937246
-0.850364
-0.735937
-0.630615
-0.563807
-0.550765
-0.589839
-0.664754
-0.751110
-0.824846
-0.869704
-0.881232
-0.866287
-0.838751
-0.813595
-0.801700
-0.807231
-0.827932
-0.857450
-0.888226
-0.913622
-0.928991
-0.932039
-0.923212
-0.906350
-0.888956
-0.881016
-0.891470
-0.922798
-0.965783
-0.997527
-0.985431
-0.897620
-0.717178
-0.454820
-0.153724
0.117668
0.284726
0.292143
0.126754
-0.171807
-0.518367
-0.806566
-0.942547
-0.875923
-0.616336
-0.229041
0.189016
0.543455
0.773832
0.870143
0.868691
0.830078
0.809320
0.831166
0.880986
0.914756
0.883206
0.759130
0.555454
0.325669
0.145764
0.084667
0.175138
0.397003
0.679751
0.923941
1.033706
0.948635
0.663981
0.232758
-0.250011
-0.674732
-0.946961
-1.010464
-0.857963
-0.528502
-0.094348
0.357543
0.744380
1.003035
1.100223
1.036795
0.846161
0.587040
0.331090
0.146972
0.083698
0.157320
0.345213
0.590638
0.817475
0.951419
0.941362
0.773990
0.476598
0.107114
-0.265112
-0.580764
-0.806516
-0.939964
-1.002464
-1.023604
-1.024359
-1.006318
-0.951575
-0.833237
-0.631741
-0.349581
-0.017465
0.311512
0.578076
0.737234
0.774821
0.713266
0.603886
0.508313
0.476040
0.526605
0.643220
0.780092
0.880470
0.898345
0.815448
0.647214
0.435790
0.233113
0.080888
-0.004763
-0.038169
-0.056847
-0.105102
-0.214913
-0.391427
-0.608524
-0.816145
-0.956560
-0.983682
-0.878366
-0.654358
-0.352993
-0.028984
0.267229
0.503974
0.674487
0.792879
0.882096
0.959179
1.024153
1.057360
1.026644
0.901626
0.669360
0.344741
-0.029030
-0.390861
-0.679690
-0.853458
-0.902091
-0.849643
-0.744833
-0.643619
-0.590372
-0.604546
-0.677374
-0.778958
-0.872147
-0.927072
-0.930437
-0.886303
-0.808988
-0.712133
-0.599625
-0.462936
-0.286450
-0.058484
0.217177
0.514968
0.790347
0.991785
1.078038
1.034158
0.879712
0.665324
0.457975
0.319963
0.288975
0.366624
0.519704
0.693727
0.833626
0.903800
0.899913
0.848065
0.791821
0.772394
0.809822
0.892717
0.980679
1.018563
0.957167
0.772317
0.475131
0.109570
-0.261599
-0.576985
-0.795328
-0.906118
-0.928804
-0.901814
-0.866454
-0.852182
-0.868721
-0.907235
-0.948901
-0.976374
-0.982847
-0.974856
-0.967988
-0.977783
-1.010170
-1.055862
-1.091404
-1.086781
-1.016699
-0.871259
-0.661773
-0.419327
-0.186293
-0.003548
0.102284
0.127257
0.091287
0.031691
-0.008803
0.004444
0.087435
0.233409
0.416288
0.600246
0.751779
0.849877
0.890781
0.886023
0.855130
0.816504
0.780509
0.747631
0.712094
0.668714
0.619188
0.574252
0.550258
0.561492
0.612012
0.691319
0.776680
0.841768
0.868094
0.853919
0.816062
0.783018
0.781901
0.824845
0.901382
0.980918
1.025107
1.005204
0.916804
0.784857
0.655788
0.579096
0.585665
0.672071
0.798200
0.900286
0.915088
0.805988
0.580547
0.291893
0.022539
-0.144004
-0.153475
-0.001641
0.262424
0.552200
0.773325
0.856462
0.781716
0.585743
0.348949
0.167052
0.116826
0.227887
0.470350
0.762745
0.997770
1.077335
0.945278
0.606860
0.128564
-0.381660
-0.807137
-1.057441
-1.094301
-0.940463
-0.669403
-0.380117
-0.165883
-0.087273
-0.157520
-0.343601
-0.580972
-0.795697
-0.926179
-0.938000
-0.828751
-0.623507
-0.364476
-0.099289
0.128554
0.285566
0.350936
0.317478
0.192177
-0.003426
-0.233942
-0.453426
-0.612172
-0.666624
-0.590321
-0.382716
-0.072645
0.285565
0.623302
0.873779
0.988963
0.952508
0.784830
0.538332
0.283728
0.091032
0.010625
0.060109
0.221060
0.446831
0.678873
0.866069
0.980272
1.022499
1.017582
0.999538
0.993747
1.003603
1.007684
0.969377
0.855374
0.655402
0.394234
0.129624
-0.064565
-0.124562
-0.022251
0.220431
0.534865
0.826832
1.008076
1.026760
0.885330
0.638964
0.375256
0.182931
0.121420
0.202472
0.389981
0.616988
0.812302
0.926015
0.944317
0.888880
0.802439
0.727524
0.687406
0.676773
0.665185
0.611097
0.480174
0.260424
-0.031615
-0.355571
-0.660473
-0.901189
-1.051972
-1.112472
-1.104748
-1.063009
-1.020273
-0.996818
-0.994339
-0.997400
-0.981324
-0.923451
-0.813720
-0.660948
-0.492499
-0.347259
-0.263937
-0.268241
-0.362956
-0.524223
-0.705571
-0.848908
-0.899572
-0.821201
-0.606089
-0.278064
0.112976
0.503161
0.829883
1.045860
1.128427
1.082070
0.934436
0.727714
0.508359
0.317831
0.186198
0.129123
0.147793
0.230862
0.357576
0.501625
0.635521
0.735306
0.784977
0.779700
0.726752
0.643545
0.553004
0.477499
0.433226
0.426855
0.455451
0.509436
0.577188
0.649316
0.720948
0.791395
0.861689
0.931471
0.996703
1.049198
1.077895
1.071013
1.018038
0.910938
0.744774
0.518578
0.237286
-0.085246
-0.423288
-0.738436
-0.983018
-1.108585
-1.078303
-0.879837
-0.534227
-0.096680
0.352555
0.725734
0.948937
0.980702
0.822082
0.514720
0.127603
-0.263121
-0.594542
-0.831004
-0.967584
-1.022762
-1.023961
-0.992071
-0.931267
-0.828139
-0.660446
-0.411808
-0.086155
0.284442
0.642619
0.919296
1.053736
1.013077
0.803993
0.471863
0.087182
-0.276087
-0.562484
-0.749253
-0.847710
-0.891672
-0.917994
-0.947493
-0.974279
-0.968115
-0.888871
-0.707016
-0.421364
-0.066277
0.295260
0.590438
0.760189
0.778415
0.659521
0.451659
0.218645
0.017853
-0.117566
-0.185906
-0.211919
-0.232748
-0.281033
-0.371825
-0.497675
-0.632620
-0.742267
-0.795439
-0.772970
-0.671192
-0.500118
-0.278303
-0.027142
0.233140
0.484898
0.712305
0.899847
1.031611
1.092448
1.071195
0.965142
0.784208
0.552876
0.308286
0.093724
-0.051693
-0.104675
-0.067015
0.031476
0.138853
0.195492
0.153467
-0.005355
-0.259310
-0.549715
-0.796834
-0.924452
-0.884770
-0.674668
-0.337160
0.052701
0.412365
0.677721
0.820984
0.854534
0.820319
0.770095
0.744875
0.761607
0.811335
0.868078
0.903320
0.899298
0.855704
0.787870
0.718393
0.666741
0.641440
0.637646
0.640104
0.629243
0.587370
0.502771
0.371095
0.194926
-0.017147
-0.251132
-0.488193
-0.706124
-0.882562
-0.999741
-1.049279
-1.034840
-0.970892
-0.877402
-0.772206
-0.664114
-0.549900
-0.416754
-0.249498
-0.039745
0.206813
0.468048
0.709072
0.890629
0.979159
0.955099
0.817060
0.581252
0.277337
-0.057309
-0.383050
-0.662320
-0.862982
-0.961424
-0.945861
-0.819497
-0.602404
-0.330641
-0.051722
0.183341
0.329835
0.358566
0.262053
0.056093
-0.223584
-0.528512
-0.806704
-1.011834
-1.110801
-1.088622
-0.950251
-0.719186
-0.433060
-0.136604
0.127051
0.325219
0.442586
0.484216
0.473323
0.443986
0.430640
0.457555
0.531768
0.642019
0.764098
0.870629
0.941476
0.970556
0.966245
0.945112
0.921688
0.898920
0.863964
0.791946
0.656979
0.446283
0.171408
-0.128906
-0.396727
-0.572010
-0.613041
-0.512701
-0.304069
-0.052570
0.163077
0.274713
0.245048
0.077473
-0.187662
-0.488344
-0.761730
-0.962850
-1.074916
-1.108553
-1.091624
-1.054698
-1.018244
-0.986378
-0.948867
-0.889693
-0.797998
-0.676566
-0.544286
-0.431495
-0.369907
-0.380877
-0.466341
-0.605917
-0.761556
-0.888570
-0.949587
-0.926890
-0.828802
-0.687655
-0.549634
-0.459629
-0.446248
-0.512276
-0.634151
-0.770803
-0.878710
-0.927568
-0.910726
-0.846465
-0.769903
-0.718886
-0.719543
-0.776946
-0.873996
-0.978059
-1.051934
-1.064446
-0.997039
-0.845233
-0.616438
-0.327001
-0.000708
0.330983
0.628899
0.849117
0.950595
0.906460
0.715083
0.405676
0.034458
-0.329060
-0.621706
-0.805161
-0.876121
-0.863977
-0.816913
-0.782126
-0.788177
-0.836303
-0.903284
-0.953435
-0.953628
-0.884668
-0.744955
-0.546556
-0.307592
-0.045980
0.221980
0.478257
0.698443
0.850481
0.899918
0.821056
0.609574
0.290327
-0.084661
-0.448985
-0.741434
-0.924925
-0.997077
-0.987950
-0.945687
-0.915875
-0.922886
-0.960588
-0.995688
-0.981944
-0.879218
-0.669958
-0.367173
-0.011606
0.340078
0.631398
0.820876
0.891248
0.851076
0.729454
0.566302
0.401559
0.266315
0.177928
0.139811
0.145170
0.182837
0.242715
0.318578
0.407049
0.503293
0.595747
0.663126
0.676480
0.607080
0.438134
0.175898
-0.144982
-0.465523
-0.716021
-0.835427
-0.789828
-0.583273
-0.256743
0.124389
0.489721
0.782867
0.973728
1.060663
1.063618
1.012620
0.936993
0.859146
0.793576
0.748901
0.729569
0.734974
0.756292
0.773736
0.757670
0.675571
0.503659
0.238940
-0.093927
-0.445206
-0.752674
-0.960521
-1.037715
-0.988807
-0.852833
-0.690533
-0.564542
-0.519672
-0.569919
-0.695995
-0.853121
-0.985473
-1.042139
-0.989910
-0.820139
-0.549210
-0.213717
0.137784
0.454627
0.693872
0.828602
0.853125
0.783682
0.654083
0.507028
0.383416
0.312839
0.308157
0.365534
0.469046
0.597210
0.728244
0.842091
0.919360
0.939552
0.881622
0.728800
0.476980
0.143188
-0.230736
-0.583133
-0.846767
-0.968712
-0.929008
-0.750617
-0.495769
-0.248674
-0.089878
-0.070958
-0.198455
-0.432686
-0.701718
-0.925403
-1.041000
-1.021779
-0.882821
-0.672982
-0.456605
-0.291657
-0.211557
-0.216161
-0.274026
-0.334449
-0.344863
-0.267945
-0.093148
0.160558
0.451206
0.727123
0.942495
1.070082
1.107083
1.072629
0.998377
0.916217
0.847841
0.800038
0.766888
0.737023
0.702004
0.661561
0.623266
0.597052
0.587787
0.590126
0.588852
0.565076
0.505581
0.410712
0.296611
0.190206
0.118832
0.099138
0.130461
0.195848
0.270294
0.332311
0.373311
0.400411
0.431458
0.484938
0.569805
0.680304
0.798154
0.900805
0.971457
1.005727
1.011738
1.003892
0.993756
0.983086
0.962624
0.917336
0.835279
0.715242
0.569108
0.417442
0.280545
0.169543
0.082223
0.005878
-0.074180
-0.164792
-0.258982
-0.337208
-0.375621
-0.357667
-0.283555
-0.173114
-0.060572
0.016493
0.029278
-0.033951
-0.166196
-0.346199
-0.545974
-0.737489
-0.895978
-0.999918
-1.029963
-0.969760
-0.810173
-0.555758
-0.230036
0.124558
0.454345
0.708560
0.855287
0.892705
0.850296
0.778388
0.729348
0.737491
0.805800
0.905040
0.985906
0.999566
0.918342
0.748365
0.529208
0.320776
0.182794
0.154801
0.244037
0.425020
0.649950
0.865098
1.026675
1.110829
1.115465
1.055111
0.952436
0.830416
0.707691
0.597372
0.507681
0.442317
0.399446
0.369929
0.336803
0.278042
0.173174
0.012005
-0.198218
-0.431203
-0.647783
-0.808739
-0.889789
-0.892389
-0.845001
-0.792957
-0.780041
-0.828885
-0.928562
-1.035426
-1.087887
-1.029916
-0.833928
-0.513531
-0.120475
0.273205
0.600622
0.822482
0.937288
0.975459
0.980636
0.987077
1.003652
1.011648
0.977113
0.871455
0.690212
0.460565
0.233500
0.063714
-0.013769
0.000406
0.068801
0.131739
0.131312
0.034500
-0.154403
-0.396926
-0.637069
-0.823733
-0.929219
-0.956562
-0.933893
-0.899740
-0.886607
-0.909789
-0.964995
-1.033717
-1.092044
-1.118075
-1.095193
-1.011826
-0.860559
-0.639601
-0.357282
-0.037149
0.280688
0.545659
0.710528
0.748747
0.668038
0.513002
0.353408
0.260903
0.282438
0.421079
0.632552
0.839774
0.960145
0.935012
0.749832
0.437406
0.063803
-0.296519
-0.585786
-0.778376
-0.881685
-0.924007
-0.936324
-0.936743
-0.924197
-0.882958
-0.794682
-0.651463
-0.463707
-0.259501
-0.076257
0.051411
0.102584
0.075892
-0.010902
-0.126370
-0.233408
-0.297267
-0.292165
-0.205969
-0.042845
0.176515
0.417818
0.639766
0.803712
0.884180
0.876726
0.799730
0.688478
0.582853
0.512908
0.487951
0.493893
0.500300
0.474626
0.397775
0.274437
0.133656
0.019180
-0.026537
0.021838
0.163166
0.370442
0.600587
0.808987
0.962789
1.048029
1.068785
1.040062
0.978554
0.895743
0.796084
0.680268
0.551084
0.418381
0.300276
0.219701
0.197526
0.245004
0.358439
0.518039
0.691300
0.839815
0.927492
0.928075
0.830322
0.639939
0.378119
0.077153
-0.225851
-0.495747
-0.705068
-0.837288
-0.886990
-0.857280
-0.755830
-0.591499
-0.373141
-0.111174
0.179054
0.474246
0.742835
0.948776
1.058970
1.052000
0.924899
0.694974
0.395739
0.068251
-0.248859
-0.526878
-0.749484
-0.910009
-1.005698
-1.032557
-0.983898
-0.853691
-0.643287
-0.368026
-0.059942
0.235749
0.470035
0.602382
0.611512
0.500719
0.295882
0.037107
-0.232766
-0.478706
-0.679795
-0.829979
-0.934191
-1.002170
-1.042702
-1.060013
-1.052920
-1.016011
-0.941832
-0.823198
-0.655395
-0.438407
-0.179305
0.105645
0.390197
0.639884
0.817106
0.889123
0.837181
0.663967
0.396560
0.083015
-0.217331
-0.447751
-0.568509
-0.567589
-0.464420
-0.305145
-0.150354
-0.058440
-0.069066
-0.191411
-0.400637
-0.643824
-0.853933
-0.967976
-0.944218
-0.773430
-0.480871
-0.118642
0.249084
0.563061
0.782841
0.893410
0.903244
0.835593
0.717066
0.568273
0.399827
0.214444
0.013075
-0.198714
-0.407717
-0.595179
-0.743049
-0.841239
-0.892018
-0.908933
-0.910157
-0.909034
-0.906055
-0.886330
-0.824326
-0.694533
-0.484079
-0.202138
0.117899
0.424908
0.663241
0.788289
0.779201
0.644744
0.420749
0.160500
-0.078586
-0.247841
-0.316467
-0.275222
-0.134901
0.078730
0.331339
0.585861
0.806731
0.962473
1.027456
0.983795
0.824151
0.555269
0.201179
-0.195857
-0.578624
-0.883578
-1.054140
-1.055821
-0.888610
-0.591750
-0.237596
0.085334
0.296025
0.344040
0.223991
-0.024270
-0.330410
-0.618345
-0.831748
-0.950557
-0.992080
-0.996607
-1.004044
-1.031966
-1.065114
-1.061222
-0.970826
-0.762191
-0.439851
-0.047936
0.343871
0.665905
0.874446
0.966417
0.976345
0.957133
0.953724
0.982070
1.023306
1.035868
0.979628
0.840312
0.641903
0.440343
0.300547
0.266888
0.340733
0.475918
0.595040
0.620062
0.504137
0.250850
-0.087405
-0.430941
-0.704488
-0.865172
-0.914935
-0.892911
-0.852451
-0.834199
-0.847905
-0.871065
-0.864187
-0.794724
-0.657666
-0.482681
-0.324174
-0.238814
-0.260987
-0.387546
-0.578887
-0.775769
-0.924095
-0.996282
-0.999657
-0.968388
-0.943181
-0.948597
-0.978900
-0.999322
-0.962513
-0.832756
-0.606826
-0.321605
-0.044239
0.151630
0.213868
0.132302
-0.057096
-0.286228
-0.481385
-0.591333
-0.605480
-0.554854
-0.495861
-0.483943
-0.548313
-0.678298
-0.826865
-0.929619
-0.931355
-0.809258
-0.583506
-0.311318
-0.067250
0.082252
0.100172
-0.011455
-0.216159
-0.458680
-0.684632
-0.856442
-0.960439
-1.004176
-1.007220
-0.990638
-0.969838
-0.952836
-0.942740
-0.941334
-0.950495
-0.970090
-0.993634
-1.004833
-0.978320
-0.885955
-0.707258
-0.440024
-0.106370
0.249089
0.569200
0.799298
0.902057
0.866959
0.711309
0.473000
0.198241
-0.071070
-0.306122
-0.493960
-0.634665
-0.735240
-0.803181
-0.841970
-0.849446
-0.818702
-0.740643
-0.607304
-0.415506
-0.170492
0.111109
0.400134
0.656996
0.837941
0.904847
0.836176
0.635310
0.332607
-0.020705
-0.365651
-0.651527
-0.849063
-0.955785
-0.991497
-0.985910
-0.963686
-0.933317
-0.884521
-0.795068
-0.643733
-0.423332
-0.147896
0.149278
0.425812
0.644121
0.783026
0.842456
0.839978
0.801570
0.751360
0.704827
0.667701
0.639534
0.618660
0.604952
0.598611
0.596031
0.585943
0.549291
0.464404
0.315905
0.103334
-0.155119
-0.426370
-0.672722
-0.864322
-0.988081
-1.048884
-1.062614
-1.044784
-1.000831
-0.923546
-0.799281
-0.619940
-0.394147
-0.150894
0.067695
0.222287
0.293891
0.294293
0.263296
0.252644
0.303114
0.425093
0.592131
0.751374
0.847064
0.846760
0.758161
0.628056
0.522889
0.498860
0.574707
0.719592
0.862254
0.918258
0.824119
0.563961
0.177389
-0.254693
-0.640198
-0.909222
-1.037002
-1.047649
-0.998379
-0.952041
-0.950262
-0.998340
-1.067275
-1.110506
-1.086856
-0.979103
-0.800384
-0.586550
-0.378994
-0.206346
-0.073402
0.038146
0.158105
0.311100
0.502585
0.713859
0.908225
1.045551
1.098894
1.066171
0.971967
0.858810
0.771474
0.740680
0.772551
0.847884
0.931213
0.985803
0.988505
0.938494
0.856598
0.775706
0.726381
0.723773
0.761298
0.813794
0.848849
0.841543
0.786301
0.700636
0.618876
0.578140
0.602179
0.689717
0.812287
0.922726
0.971261
0.923004
0.770206
0.534681
0.259766
-0.004819
-0.219280
-0.365190
-0.448264
-0.492179
-0.526564
-0.574181
-0.642165
-0.720251
-0.786085
-0.815110
-0.791119
-0.713602
-0.599458
-0.478634
-0.385312
-0.347533
-0.378569
-0.472661
-0.606367
-0.745059
-0.852560
-0.900988
-0.877921
-0.788895
-0.654853
-0.505786
-0.372876
-0.281616
-0.247540
-0.274910
-0.357553
-0.480631
-0.622569
-0.757306
-0.857777
-0.901296
-0.876464
-0.789425
-0.666333
-0.549079
-0.483732
-0.504246
-0.617191
-0.794148
-0.976562
-1.093296
-1.085667
-0.930841
-0.654046
-0.323711
-0.030240
0.144141
0.153078
0.000626
-0.262823
-0.561142
-0.820767
-0.995151
-1.075900
-1.087324
-1.068389
-1.051094
-1.045149
-1.035088
-0.989881
-0.879355
-0.689290
-0.428420
-0.125232
0.182584
0.459980
0.681955
0.834021
0.907494
0.894319
0.786156
0.579542
0.284829
-0.066501
-0.421813
-0.717233
-0.895404
-0.924671
-0.811723
-0.601813
-0.365514
-0.176545
-0.088825
-0.121136
-0.254474
-0.441964
-0.626453
-0.758532
-0.808616
-0.770039
-0.654214
-0.481838
-0.274704
-0.051173
0.174317
0.389530
0.583013
0.744643
0.867914
0.952263
1.003319
1.030125
1.040006
1.033529
1.002204
0.930562
0.802285
0.608010
0.351595
0.052150
-0.259060
-0.545622
-0.774215
-0.921152
-0.975418
-0.938027
-0.819061
-0.634249
-0.402547
-0.144967
0.116111
0.358348
0.562234
0.714889
0.813403
0.865997
0.889772
0.905252
0.929310
0.968932
1.018127
1.059162
1.067717
1.020111
0.900245
0.704184
0.441413
0.133013
-0.192127
-0.501776
-0.764557
-0.953571
-1.049503
-1.043353
-0.938477
-0.751387
-0.510509
-0.252601
-0.017172
0.159961
0.252517
0.247685
0.147545
-0.031827
-0.262844
-0.509775
-0.732638
-0.891846
-0.953859
-0.897621
-0.720626
-0.442499
-0.103910
0.240494
0.534392
0.734336
0.821960
0.809338
0.734906
0.650629
0.604546
0.624814
0.711141
0.836849
0.960679
1.043587
1.063803
1.024015
0.947943
0.867868
0.808590
0.774765
0.747247
0.690276
0.566798
0.355730
0.063989
-0.271914
-0.595821
-0.849953
-0.994345
-1.020383
-0.953325
-0.842858
-0.745130
-0.702880
-0.730838
-0.811604
-0.903321
-0.956202
-0.931824
-0.818283
-0.635784
-0.430825
-0.261102
-0.176530
-0.203013
-0.334499
-0.535770
-0.754589
-0.938564
-1.050623
-1.077782
-1.030718
-0.935142
-0.819146
-0.701895
-0.588152
-0.470459
-0.337324
-0.183290
-0.015898
0.143885
0.268400
0.334451
0.334123
0.280454
0.205162
0.148911
0.147711
0.220643
0.363604
0.551276
0.746262
0.911523
1.021197
1.065877
1.051022
0.990173
0.896776
0.778712
0.638066
0.475939
0.299515
0.127202
-0.011644
-0.083672
-0.063226
0.055599
0.251755
0.478754
0.675638
0.784478
0.768706
0.625776
0.389389
0.120010
-0.113391
-0.254277
-0.275023
-0.183384
-0.016966
0.171946
0.335490
0.446217
0.504274
0.533438
0.567900
0.635095
0.741368
0.866175
0.967382
0.996108
0.915966
0.719759
0.437304
0.130869
-0.121139
-0.247620
-0.208033
-0.007862
0.299213
0.623977
0.866042
0.942971
0.815374
0.500244
0.067380
-0.378746
