2026
1702
2227
3566
335 
0   
1793
5181
3240
6514
4111
770 
3369
5626
2747
3746
3084
5559
5908
3905
8195
5986
6281
7356
7871
7564
3465
2376
8229
2026
1702
2227
3566
335 
0   
1793
5181
3240
6514
4111
770 
3369
5626
2747
3746
3084
5559
5908
3905
8195
5986
6281
7356
7871
7564
3465
2376
8229
2026
1702
2227
3566
335 
0   
1793
5181
3240
6514
4111
770 
3369
5626
2747
3746
3084
5559
5908
3905
8195
5986
6281
7356
7871
7564
3465
2376
8229
2026
1702
2227
3566
335 
0   
1793
5181
3240
6514
4111
770 
3369
5626
2747
3746
3084
5559
5908
3905
8195
5986
6281
7356
7871
7564
3465
2376
8229
