40.8555  3000
41.2571  8600
42.2579  9300
42.3193  9400
44.054   2600
44.8882  7700
46.2257  2500
47.2481  8300
48.0458  5100
49.0384  800
50.1028  3900
51.0367  4100
52.3947  2100
53.1516  2200
54.0182  2800
55.0452  3200
56.0156  6200
57.1417  8500
58.115   4300
59.0156  6900
59.2656  6300
61.1922  6800
62.5147  3300
63.0335  4400
59.1303  0
59.0311  300
58.8906  1900
58.2518  5300
58.1886  5900
57.6239  6700
57.1453  7000
56.7681  6000
56.7422  1500
56.2656  7300
56.1575  6400
55.7766  1600
55.5389  7400
55.5156  9100
54.9997  7100
54.9385  6500
53.9386  2900
53.785   600
53.6482  700
53.6235  6600
53.3548  6100
52.8913  7500
52.6464  4200
52.5368  3700
52.5368  3600









































































