32.1496  9600
32.7659  9500
35.1215  8700
36.0507  8900
36.3371  9000
36.5676  5800
36.8335  8100
38.9073  2700
38.917   7800
40.0544  5200
40.2959  8600
40.4995  8000
41.019   8400
41.7452  9400
41.7656  9700
42.0114  3000
43.9886  7900
44.067   2600
44.1321  9200
44.1739  9300
44.7708  7700
45.0583  5900
47.7623  4700
48.0618  5000
48.1575  900
48.241   3100
48.2574  4600
48.2785  800
48.2999  5100
48.4118  4500
49.4263  4800
49.494   4000
49.5067  500
49.6331  600
50.0475  3800
50.0835  3900
50.3358  4100
50.3768  400
50.4301  5700
50.4907  1800
50.7845  8800
50.8144  5400
51.083   1000
51.121   4900
51.2968  1300
51.3396  2400
51.5178  200
51.5242  2000
51.627   7600
51.8072  5500
51.8873  1100
52.0358  1200
52.2774  2100
52.3697  8300
52.3724  7200
52.4411  5600
52.5792  1700
52.7631  2300
52.7894  4200
53.0156  3600
53.0156  3700
53.0156  8200
53.1398  7500
53.498   700
53.5179  2800
53.6162  6600
53.7928  2900
54.0563  6100
54.6616  2200
54.7968  3200
54.8895  6500
55.236   7100
55.3906  9100
55.7228  1600
56.0156  6200
56.1282  7400
56.1348  2500
56.2683  6400
56.4136  7300
56.5431  1500
56.8724  8500
57.2759  6000
57.6424  6700
57.9925  1400
58.055   5300
58.0767  1900
58.2891  7000
58.4958  4300
58.941   100
58.9961  300
59.0108  6300
59.1431  0
59.6728  6900
60.4669  6800
62.2975  3300
62.7656  3400
62.8576  4400
64.7702  3500
67.8909  9900
68.4881  10400
68.7593  10200
68.7715  10100
69.0836  10300
70.7805  10000
73.2569  9800
