44.1496 9600
44.7659 9500
47.1215 8700
48.0507 8900
48.3371 9000
48.5676 5800
48.8335 8100
50.9073 2700
50.917  7800
52.0544 5200
52.2959 8600
52.4995 8000
53.019  8400
53.7452 9400
53.7656 9700
55.9886 7900
56.067  2600
56.7708 7700
57.0583 5900
59.7623 4700
60.0618 5000
61.4263 4800
62.0475 3800
63.083  1000
64.0358 1200
65.0156 3600
66.0563 6100
67.236  7100
68.0156 6200
68.8724 8500
70.055  5300
71.0108 6300
71.6728 6900
72.4669 6800
74.2975 3300
74.7656 3400
74.8576 4400
76.7702 3500
79.8909 9900
80.4881 10400
80.7593 10200
80.7715 10100
81.0836 10300
82.7805 10000
85.2569 9800
80.7715 10100
81.0836 10300
82.7805 10000
85.2569 9800
