-0.663630
-0.457525
-0.249161
-0.091188
-0.023794
-0.062862
-0.194247
-0.377147
-0.556568
-0.681322
-0.721398
-0.678121
-0.582888
-0.484542
-0.429991
-0.445558
-0.526407
-0.638243
-0.730590
-0.756292
-0.689572
-0.535768
-0.329494
-0.122572
0.033046
0.100866
0.068782
-0.050541
-0.226270
-0.419253
-0.591309
-0.711669
-0.760460
-0.730445
-0.628231
-0.474896
-0.304634
-0.159588
-0.080188
-0.092726
-0.198250
-0.367814
-0.547637
-0.674208
-0.695008
-0.587480
-0.368631
-0.090721
0.176127
0.368222
0.450180
0.425795
0.333630
0.229289
0.161810
0.153984
0.194601
0.245470
0.259709
0.203138
0.069472
-0.117029
-0.312204
-0.470853
-0.565341
-0.595786
-0.587625
-0.577984
-0.597194
-0.653778
-0.729594
-0.787195
-0.786194
-0.701505
-0.535654
-0.319977
-0.104227
0.061101
0.142616
0.135172
0.062371
-0.033083
-0.104894
-0.118367
-0.059893
0.061907
0.222534
0.391920
0.544297
0.664207
0.747449
0.798009
0.823421
0.830944
0.825903
0.811994
0.792376
0.770174
0.747800
0.725490
0.700291
0.666656
0.619034
0.555624
0.481600
0.409919
0.358726
0.345757
0.381575
0.464262
0.577807
0.695227
0.785657
0.823141
0.794207
0.701677
0.563510
0.407134
0.261232
0.147609
0.075653
0.040919
0.028043
0.016907
-0.009900
-0.060569
-0.130429
-0.202307
-0.250906
-0.250149
-0.181496
-0.040855
0.158130
0.385681
0.602306
0.768418
0.854362
0.847737
0.755613
0.600862
0.413851
0.222468
0.044117
-0.117304
-0.268329
-0.418025
-0.568600
-0.708664
-0.812478
-0.846323
-0.780279
-0.601313
-0.322686
0.014434
0.348623
0.613374
0.755193
0.748855
0.604769
0.366056
0.096334
-0.137753
-0.283691
-0.314776
-0.233358
-0.065739
0.148449
0.368080
0.559595
0.700987
0.780874
0.794763
0.741496
0.622184
0.442268
0.215347
-0.033893
-0.270305
-0.453850
-0.549295
-0.537205
-0.422280
-0.235511
-0.028455
0.139393
0.216700
0.174984
0.017277
-0.222074
-0.486545
-0.712725
-0.847147
-0.859635
-0.749419
-0.542656
-0.282724
-0.016788
0.216916
0.397274
0.521895
0.602412
0.655891
0.695840
0.726230
0.740563
0.726029
0.670858
0.571800
0.438638
0.293772
0.166806
0.085949
0.069272
0.118992
0.220845
0.348807
0.473438
0.570828
0.628960
0.649273
0.643144
0.624893
0.604343
0.582090
0.549554
0.493928
0.406042
0.287819
0.155891
0.039328
-0.028348
-0.020299
0.073402
0.240470
0.448447
0.653787
0.814976
0.904966
0.918299
0.870228
0.788199
0.699125
0.617626
0.540188
0.447851
0.316642
0.131621
-0.101293
-0.350999
-0.566993
-0.693963
-0.690366
-0.544357
-0.281083
0.041727
0.348885
0.568823
0.653813
0.592875
0.413463
0.171777
-0.064766
-0.237130
-0.310282
-0.280496
-0.172936
-0.031251
0.096856
0.173296
0.178524
0.113707
-0.003498
-0.147162
-0.291891
-0.419107
-0.518996
-0.588311
-0.625875
-0.628543
-0.590018
-0.503463
-0.366892
-0.188711
0.009759
0.196930
0.338855
0.409989
0.402735
0.331674
0.230132
0.139753
0.096701
0.119714
0.204693
0.327932
0.456479
0.561121
0.626398
0.653461
0.654893
0.644333
0.626202
0.590799
0.517553
0.385315
0.185108
-0.070655
-0.347201
-0.595836
-0.768834
-0.834954
-0.789412
-0.654503
-0.471015
-0.284283
-0.130691
-0.029646
0.016709
0.017397
-0.015944
-0.075613
-0.159516
-0.267981
-0.398241
-0.540231
-0.676401
-0.785998
-0.851798
-0.865903
-0.831718
-0.761069
-0.668001
-0.562433
-0.446965
-0.318582
-0.174420
-0.018697
0.132944
0.254400
0.315744
0.293304
0.179254
-0.013212
-0.251404
-0.491025
-0.687712
-0.808248
-0.837790
-0.781199
-0.658728
-0.498260
-0.327135
-0.166221
-0.027629
0.084060
0.168413
0.225476
0.253404
0.248216
0.205570
0.123677
0.006096
-0.136826
-0.288660
-0.429918
-0.542723
-0.615797
-0.648079
-0.649381
-0.637297
-0.630778
-0.642182
-0.670581
-0.699174
-0.698651
-0.636322
-0.488585
-0.252532
0.047792
0.363683
0.632965
0.797228
0.819705
0.697652
0.464602
0.181169
-0.082922
-0.269745
-0.350001
-0.330134
-0.247511
-0.155645
-0.104916
-0.125610
-0.219030
-0.359256
-0.504208
-0.611396
-0.652400
-0.621018
-0.532709
-0.416381
-0.302283
-0.210859
-0.146653
-0.099072
-0.049072
0.021316
0.120504
0.243081
0.371092
0.480046
0.547182
0.558944
0.515164
0.428842
0.322012
0.219370
0.141869
0.102091
0.102382
0.135717
0.188511
0.244291
0.287265
0.305198
0.291345
0.245355
0.173094
0.085229
-0.005403
-0.087344
-0.154116
-0.206616
-0.253043
-0.305687
-0.375118
-0.463598
-0.560423
-0.641782
-0.676393
-0.635964
-0.507262
-0.301225
-0.054902
0.175773
0.331022
0.365426
0.262943
0.042976
-0.245155
-0.537765
-0.776808
-0.927006
-0.983846
-0.969802
-0.920937
-0.869807
-0.831936
-0.801314
-0.756344
-0.673049
-0.539342
-0.363840
-0.175358
-0.013398
0.086100
0.103580
0.041953
-0.076179
-0.218441
-0.355059
-0.468417
-0.556150
-0.627299
-0.694059
-0.763280
-0.831521
-0.885468
-0.907002
-0.880430
-0.798736
-0.666728
-0.500339
-0.322904
-0.159890
-0.033567
0.041406
0.060899
0.032340
-0.026604
-0.092015
-0.140065
-0.154369
-0.131979
-0.085452
-0.039334
-0.021536
-0.052376
-0.135670
-0.255951
-0.383666
-0.486814
-0.544338
-0.555375
-0.539836
-0.529393
-0.552298
-0.618493
-0.711798
-0.793198
-0.814541
-0.737428
-0.549621
-0.272196
0.045602
0.341822
0.561547
0.673450
0.677385
0.601117
0.488597
0.384962
0.323871
0.320817
0.373106
0.464507
0.571555
0.668939
0.733058
0.744271
0.688966
0.562044
0.369288
0.128194
-0.134106
-0.386108
-0.599177
-0.754352
-0.846215
-0.882434
-0.879341
-0.855499
-0.825847
-0.798457
-0.774520
-0.750759
-0.722618
-0.686793
-0.642459
-0.591514
-0.538564
-0.491005
-0.458901
-0.453726
-0.485289
-0.557135
-0.661980
-0.779561
-0.878953
-0.925761
-0.892407
-0.767946
-0.563459
-0.310521
-0.052939
0.165272
0.311204
0.369615
0.342971
0.246140
0.099107
-0.078547
-0.269232
-0.455446
-0.617066
-0.731097
-0.775694
-0.737554
-0.619241
-0.442141
-0.242273
-0.059413
0.076499
0.155781
0.191268
0.210770
0.242601
0.300495
0.374886
0.434936
0.440895
0.361614
0.189434
-0.054312
-0.325841
-0.574739
-0.762051
-0.872624
-0.916357
-0.918175
-0.901836
-0.875571
-0.826778
-0.728705
-0.556390
-0.304481
0.001717
0.308045
0.546752
0.659902
0.621777
0.451116
0.207750
-0.025694
-0.170620
-0.178145
-0.044556
0.188577
0.449018
0.657417
0.751340
0.701876
0.518286
0.240752
-0.074717
-0.373208
-0.614051
-0.777016
-0.861421
-0.880515
-0.854476
-0.804793
-0.751169
-0.710390
-0.695572
-0.714496
-0.766697
-0.840571
-0.912476
-0.949727
-0.917990
-0.791602
-0.563649
-0.251903
0.102308
0.443045
0.714362
0.876090
0.915500
0.850666
0.724187
0.589271
0.493081
0.463098
0.501130
0.586595
0.687186
0.772344
0.824178
0.841897
0.838714
0.833353
0.840409
0.863842
0.896190
0.923293
0.931784
0.915585
0.878352
0.831010
0.785947
0.751051
0.726693
0.707135
0.685518
0.659633
0.635225
0.624701
0.641451
0.692219
0.771209
0.859039
0.927580
0.949158
0.906549
0.799736
0.646658
0.477675
0.325922
0.217313
0.163869
0.162474
0.198921
0.255067
0.316003
0.374518
0.431530
0.492906
0.564415
0.646978
0.734032
0.811861
0.862626
0.869147
0.820007
0.713658
0.560414
0.381641
0.206034
0.063490
-0.022150
-0.039673
0.005632
0.092323
0.187821
0.257066
0.272505
0.222444
0.115142
-0.022702
-0.152714
-0.234876
-0.237985
-0.147749
0.029379
0.267279
0.525546
0.757823
0.921329
0.985844
0.940491
0.796898
0.587644
0.359739
0.163947
0.042188
0.016278
0.081437
0.207031
0.344858
0.442839
0.459936
0.377602
0.204144
-0.029058
-0.277692
-0.497112
-0.653025
-0.727155
-0.717146
-0.632290
-0.487993
-0.301644
-0.091080
0.124992
0.326522
0.493382
0.608999
0.665199
0.665927
0.627514
0.574471
0.531851
0.516954
0.533708
0.572078
0.612815
0.635577
0.627087
0.586075
0.523219
0.456434
0.403727
0.376559
0.376204
0.394077
0.415456
0.424889
0.411375
0.371871
0.312542
0.247770
0.197278
0.181749
0.217452
0.310731
0.453732
0.623085
0.782933
0.892534
0.916923
0.837478
0.658608
0.407664
0.127463
-0.136306
-0.348307
-0.492448
-0.573106
-0.608531
-0.619591
-0.619041
-0.606211
-0.569464
-0.495141
-0.378549
-0.231450
-0.081964
0.033824
0.085367
0.060674
-0.026907
-0.141317
-0.235195
-0.265819
-0.209608
-0.069925
0.124219
0.327480
0.491650
0.578494
0.568221
0.462089
0.279893
0.054412
-0.175097
-0.369210
-0.494271
-0.528132
-0.465365
-0.320614
-0.128147
0.063935
0.204749
0.254592
0.197601
0.048459
-0.149998
-0.338391
-0.458332
-0.470142
-0.364709
-0.165401
0.080494
0.317589
0.499751
0.603007
0.629869
0.604306
0.559897
0.525951
0.516689
0.527092
0.536422
0.517672
0.449288
0.324956
0.158102
-0.020406
-0.170600
-0.255161
-0.250857
-0.156042
0.008211
0.203811
0.386482
0.518358
0.578335
0.566940
0.504260
0.421910
0.351994
0.316905
0.323325
0.361948
0.412276
0.450079
0.454529
0.412763
0.321236
0.184764
0.014922
-0.170969
-0.350220
-0.495765
-0.579394
-0.577985
-0.481700
-0.301221
-0.070313
0.158970
0.328547
0.390836
0.323978
0.139898
-0.118463
-0.390396
-0.616670
-0.757785
-0.804506
-0.776933
-0.712968
-0.651148
-0.614899
-0.604369
-0.598631
-0.566750
-0.482719
-0.338069
-0.147319
0.055377
0.226558
0.326503
0.330329
0.233850
0.053257
-0.180095
-0.427348
-0.649852
-0.815391
-0.902451
-0.902628
-0.821287
-0.676303
-0.494532
-0.306149
-0.137786
-0.006368
0.084183
0.141821
0.180897
0.214206
0.245805
0.267838
0.263177
0.213268
0.108129
-0.045819
-0.223984
-0.389510
-0.505383
-0.548405
-0.519508
-0.445767
-0.372415
-0.346936
-0.400636
-0.534476
-0.714845
-0.881680
-0.966863
-0.917011
-0.712853
-0.378310
0.024211
0.411068
0.701525
0.840800
0.814461
0.649792
0.404390
0.146652
-0.064700
-0.195153
-0.238876
-0.213115
-0.146254
-0.065145
0.013164
0.082851
0.144727
0.199100
0.240343
0.256102
0.231506
0.156169
0.030360
-0.132767
-0.310072
-0.475156
-0.605914
-0.689677
-0.724089
-0.714022
-0.666695
-0.587813
-0.480648
-0.348161
-0.196416
-0.036722
0.115423
0.244744
0.342094
0.408876
0.457352
0.506009
0.571514
0.660650
0.765940
0.867265
0.939274
0.961735
0.928602
0.851879
0.758472
0.681064
0.646497
0.666181
0.732241
0.820796
0.901036
0.946539
0.944612
0.900290
0.833756
0.772446
0.740838
0.751717
0.801805
0.873059
0.938842
0.972495
0.955299
0.881115
0.756487
0.596587
0.418935
0.237492
0.059405
-0.114476
-0.285791
-0.453431
-0.609314
-0.737258
-0.815749
-0.823777
-0.747673
-0.586378
-0.353253
-0.073873
0.219210
0.492719
0.717842
0.873094
0.944865
0.926744
0.819035
0.629270
0.373445
0.076640
-0.228575
-0.506819
-0.727076
-0.870211
-0.933929
-0.932772
-0.892506
-0.840514
-0.795634
-0.761448
-0.725815
-0.667104
-0.564759
-0.410068
-0.212682
-0.000049
0.190319
0.323044
0.377050
0.353196
0.274567
0.179326
0.108666
0.094041
0.147895
0.260646
0.404419
0.541790
0.636345
0.661714
0.606674
0.475530
0.284657
0.057100
-0.182640
-0.412112
-0.612322
-0.767672
-0.865673
-0.897597
-0.860440
-0.759647
-0.611108
-0.440852
-0.281335
-0.164585
-0.113797
-0.136076
-0.219011
-0.332818
-0.437911
-0.495779
-0.479732
-0.381952
-0.214537
-0.004387
0.215978
0.418172
0.584747
0.710894
0.801038
0.862400
0.898633
0.906382
0.876114
0.796612
0.661013
0.471727
0.242254
-0.004659
-0.241561
-0.441710
-0.583577
-0.653445
-0.646173
-0.564882
-0.420390
-0.230665
-0.019876
0.183733
0.351615
0.459967
0.494759
0.454948
0.352452
0.208638
0.048444
-0.105655
-0.237603
-0.338362
-0.403515
-0.429684
-0.412225
-0.345944
-0.229039
-0.068501
0.115893
0.291808
0.420036
0.464580
0.403955
0.239573
-0.002254
-0.276017
-0.528950
-0.715500
-0.809606
-0.810887
-0.742925
-0.644557
-0.557267
-0.512837
-0.524954
-0.586892
-0.675366
-0.758740
-0.806831
-0.799370
-0.731008
-0.611901
-0.464187
-0.315630
-0.192275
-0.111996
-0.080535
-0.090914
-0.126267
-0.165289
-0.188763
-0.185350
-0.154986
-0.108874
-0.066102
-0.047875
-0.071093
-0.143212
-0.259873
-0.405924
-0.559431
-0.697355
-0.801188
-0.860950
-0.876496
-0.856049
-0.812619
-0.759558
-0.706719
-0.658270
-0.612707
-0.564820
-0.508729
-0.440797
-0.361323
-0.274356
-0.185762
-0.100326
-0.019149
0.061415
0.148569
0.249765
0.368322
0.499612
0.629473
0.735934
0.794198
0.783670
0.694899
0.534122
0.323634
0.097452
-0.106774
-0.257364
-0.336900
-0.346612
-0.305414
-0.243742
-0.194031
-0.180784
-0.213384
-0.284029
-0.371495
-0.449497
-0.496781
-0.505363
-0.483838
-0.454337
-0.443992
-0.473843
-0.549309
-0.655960
-0.762641
-0.831258
-0.830088
-0.745880
-0.590265
-0.397860
-0.216383
-0.091995
-0.054841
-0.109734
-0.235060
-0.390089
-0.527941
-0.609677
-0.614831
-0.545321
-0.422116
-0.276565
-0.139814
-0.033936
0.032772
0.065559
0.079123
0.091627
0.119020
0.171145
0.250168
0.351000
0.462935
0.571736
0.661690
0.717525
0.726221
0.678817
0.572105
0.409988
0.204135
-0.026411
-0.256915
-0.459985
-0.609738
-0.686530
-0.681331
-0.598572
-0.456346
-0.283305
-0.112524
0.026356
0.114454
0.148014
0.138033
0.104923
0.069818
0.045639
0.031399
0.012279
-0.034154
-0.127692
-0.275115
-0.464013
-0.663683
-0.833308
-0.934751
-0.945296
-0.865526
-0.719358
-0.546166
-0.388065
-0.277183
-0.227599
-0.234634
-0.281057
-0.346990
-0.418926
-0.493835
-0.576716
-0.672923
-0.779093
-0.877299
-0.935872
-0.917605
-0.792879
-0.552869
-0.217500
0.165595
0.531758
0.816681
0.974941
0.993441
0.895092
0.731299
0.565683
0.454483
0.430160
0.493580
0.616989
0.756212
0.867237
0.921049
0.911446
0.853462
0.773703
0.696967
0.634811
0.580764
0.514083
0.410392
0.254761
0.051759
-0.171830
-0.373031
-0.505502
-0.534626
-0.449519
-0.267846
-0.031946
0.202206
0.379442
0.458764
0.421961
0.275739
0.047727
-0.221694
-0.489118
-0.717035
-0.880291
-0.969270
-0.989646
-0.958987
-0.900912
-0.837958
-0.784870
-0.744160
-0.705632
-0.650472
-0.559079
-0.420188
-0.238031
-0.034493
0.155229
0.292648
0.348606
0.314127
0.205418
0.060754
-0.070220
-0.141569
-0.125717
-0.022870
0.137902
0.306407
0.425648
0.448499
0.351976
0.145086
-0.131896
-0.416568
-0.639678
-0.742697
-0.693259
-0.494459
-0.185394
0.167586
0.486988
0.703685
0.774594
0.693571
0.492248
0.230458
-0.020989
-0.199997
-0.269385
-0.224885
-0.093023
0.079667
0.241823
0.351567
0.385500
0.340457
0.228965
0.071535
-0.110436
-0.298475
-0.476951
-0.630620
-0.742428
-0.793854
-0.768541
-0.658008
-0.466890
-0.215053
0.064848
0.333885
0.555238
0.701550
0.758971
0.727202
0.616613
0.444556
0.232785
0.006703
-0.204457
-0.368504
-0.453963
-0.436968
-0.309662
-0.086798
0.193067
0.473931
0.695643
0.810518
0.797802
0.670664
0.472722
0.264799
0.106181
0.036699
0.065659
0.171049
0.308678
0.427396
0.484758
0.457887
0.346698
0.169764
-0.044239
-0.265580
-0.469780
-0.639937
-0.765881
-0.842257
-0.867470
-0.844263
-0.781159
-0.693047
-0.599416
-0.519950
-0.468786
-0.449827
-0.455376
-0.469084
-0.472263
-0.451043
-0.401368
-0.329809
-0.250049
-0.176941
-0.121049
-0.086251
-0.071311
-0.074204
-0.096491
-0.144899
-0.228641
-0.353239
-0.513628
-0.690127
-0.849867
-0.954123
-0.969265
-0.877347
-0.682261
-0.409010
-0.096458
0.213558
0.486543
0.701352
0.850295
0.934351
0.956614
0.917649
0.815206
0.648459
0.424402
0.162773
-0.103862
-0.336187
-0.498947
-0.572654
-0.561413
-0.493158
-0.411271
-0.359879
-0.367840
-0.437293
-0.541358
-0.632404
-0.658454
-0.582160
-0.395604
-0.125418
0.173927
0.436631
0.606279
0.653627
0.585347
0.440864
0.278648
0.157008
0.116117
0.167226
0.292079
0.451719
0.600626
0.700731
0.730581
0.687461
0.583258
0.437081
0.268294
0.092538
-0.078686
-0.236241
-0.371622
-0.477016
-0.547411
-0.583417
-0.592692
-0.588361
-0.584381
-0.589627
-0.603501
-0.615597
-0.610199
-0.574137
-0.504652
-0.413571
-0.325396
-0.269460
-0.269010
-0.331545
-0.444500
-0.578215
-0.695213
-0.762164
-0.759971
-0.688224
-0.562831
-0.408393
-0.248977
-0.101238
0.027652
0.137184
0.228110
0.297776
0.338949
0.342917
0.305309
0.231509
0.138453
0.051165
-0.005204
-0.014820
0.021882
0.086962
0.150467
0.180890
0.156760
0.074905
-0.047800
-0.179915
-0.286065
-0.338753
-0.327043
-0.259177
-0.158544
-0.054923
0.025552
0.068108
0.072353
0.050156
0.019866
-0.000654
0.000347
0.025758
0.070023
0.121857
0.167944
0.196422
0.199510
0.175158
0.127874
0.068756
0.014500
-0.014980
-0.000460
0.071571
0.203930
0.385382
0.590441
0.783085
0.924018
0.979846
0.931765
0.781298
0.551326
0.281914
0.021837
-0.182160
-0.295802
-0.304915
-0.218468
-0.066247
0.108351
0.258839
0.347015
0.352436
0.277487
0.146550
-0.000725
-0.120375
-0.176281
-0.150004
-0.045336
0.113741
0.290914
0.448550
0.558168
0.607058
0.599245
0.551103
0.483809
0.415774
0.357788
0.312258
0.276059
0.245117
0.218366
0.199313
0.194725
0.211369
0.252486
0.315677
0.393048
0.473368
0.545143
0.599263
0.630278
0.636131
0.616910
0.573480
0.506689
0.417399
0.307051
0.178315
0.035449
-0.115672
-0.267662
-0.411682
-0.537507
-0.634014
-0.690522
-0.699194
-0.657993
-0.573074
-0.459270
-0.337725
-0.230848
-0.156010
-0.120318
-0.118706
-0.136510
-0.155830
-0.163277
-0.155825
-0.142108
-0.138281
-0.160042
-0.214211
-0.293808
-0.379220
-0.445476
-0.472871
-0.456392
-0.409568
-0.360482
-0.340943
-0.372880
-0.457492
-0.571911
-0.675301
-0.722557
-0.680636
-0.541352
-0.325696
-0.077954
0.148235
0.306767
0.372864
0.349106
0.262165
0.152135
0.058847
0.010133
0.015668
0.067480
0.145643
0.226082
0.287353
0.314479
0.299707
0.241450
0.143130
0.012996
-0.135191
-0.281808
-0.402834
-0.473922
-0.476524
-0.404176
-0.266408
-0.088291
0.094955
0.246926
0.339797
0.361634
0.318868
0.233257
0.134627
0.052042
0.006327
0.006076
0.047690
0.118565
0.201594
0.279226
0.336073
0.360149
0.343520
0.283258
0.182923
0.053950
-0.084328
-0.207209
-0.289964
-0.314929
-0.278041
-0.192134
-0.085050
0.007647
0.053477
0.033859
-0.048923
-0.171423
-0.295923
-0.382468
-0.402061
-0.346489
-0.231412
-0.091648
0.029670
0.094389
0.080672
-0.011106
-0.159408
-0.328654
-0.479680
-0.580074
-0.611358
-0.571429
-0.472283
-0.334513
-0.180695
-0.029749
0.106360
0.223153
0.321830
0.406190
0.479544
0.542727
0.593870
0.629970
0.649550
0.655268
0.655101
0.661134
0.685825
0.736709
0.811436
0.895383
0.963491
0.986607
0.940803
0.816711
0.625392
0.398118
0.179439
0.015312
-0.059938
-0.033438
0.083058
0.257708
0.449207
0.619648
0.745117
0.820480
0.857117
0.874972
0.892334
0.917341
0.944313
0.956080
0.931117
0.852725
0.716838
0.535745
0.336476
0.154418
0.024175
-0.029582
0.001370
0.106732
0.260580
0.428413
0.576371
0.680048
0.730350
0.734614
0.712589
0.688446
0.681366
0.697911
0.728934
0.752388
0.741307
0.674265
0.544542
0.364410
0.162655
-0.024153
-0.163659
-0.238652
-0.252799
-0.228871
-0.199989
-0.197061
-0.237179
-0.317427
-0.416561
-0.504001
-0.552661
-0.550615
-0.506856
-0.448663
-0.411259
-0.423511
-0.495089
-0.610124
-0.730165
-0.805816
-0.793220
-0.669731
-0.443246
-0.151874
0.146097
0.388672
0.527749
0.542319
0.443410
0.269738
0.075971
-0.082448
-0.163319
-0.146833
-0.037991
0.137492
0.341856
0.535759
0.687761
0.780691
0.813767
0.800401
0.762544
0.723135
0.698707
0.694110
0.700978
0.700469
0.669628
0.589488
0.452363
0.265890
0.052398
-0.156304
-0.327118
-0.434282
-0.465869
-0.426467
-0.335602
-0.222764
-0.120564
-0.057724
-0.053235
-0.112583
-0.226621
-0.373425
-0.523223
-0.645830
-0.719121
-0.736148
-0.708196
-0.661820
-0.629863
-0.638912
-0.697744
-0.791667
-0.886009
-0.938488
-0.916291
-0.811134
-0.645664
-0.467716
-0.333874
-0.288523
-0.346901
-0.489339
-0.669296
-0.831907
-0.935182
-0.964855
-0.936727
-0.886056
-0.849303
-0.846898
-0.874873
-0.908836
-0.917726
-0.880235
-0.795647
-0.683826
-0.574608
-0.492106
-0.442026
-0.408527
-0.362371
-0.276444
-0.140975
0.029179
0.198994
0.327601
0.385787
0.368471
0.296368
0.206245
0.134546
0.102118
0.106951
0.127734
0.135768
0.108928
0.040829
-0.058817
-0.171915
-0.282925
-0.386703
-0.488812
-0.598136
-0.715931
-0.827669
-0.902961
-0.904878
-0.805271
-0.599306
-0.312318
0.004857
0.290867
0.493438
0.585804
0.573604
0.489922
0.381143
0.289801
0.241350
0.239556
0.271128
0.316299
0.359928
0.398147
0.438163
0.492188
0.569074
0.667913
0.776557
0.875512
0.945106
0.972558
0.955860
0.903148
0.828368
0.745676
0.665325
0.592721
0.530576
0.482360
0.454595
0.456079
0.493800
0.567221
0.663845
0.758896
0.820492
0.819297
0.739458
0.586568
0.389049
0.191640
0.042674
-0.020627
0.016383
0.141659
0.321093
0.509913
0.666437
0.763065
0.790912
0.757331
0.678572
0.571580
0.448677
0.316913
0.181207
0.048368
-0.071179
-0.165598
-0.226895
-0.256186
-0.265405
-0.273433
-0.297466
-0.343305
-0.399402
-0.438365
-0.426326
-0.336856
-0.163523
0.074632
0.337626
0.577587
0.754964
0.851051
0.871572
0.840202
0.785500
0.727632
0.671206
0.607255
0.522876
0.413047
0.288146
0.172736
0.095677
0.076143
0.112459
0.179681
0.237860
0.247846
0.187793
0.062977
-0.095557
-0.242968
-0.337886
-0.357412
-0.303559
-0.198966
-0.074755
0.043175
0.142835
0.226120
0.301001
0.370867
0.427342
0.451035
0.420485
0.325087
0.175340
0.004558
-0.140035
-0.213936
-0.192914
-0.083845
0.076228
0.232931
0.334281
0.349339
0.278277
0.150004
0.008726
-0.104679
-0.168687
-0.188181
-0.190149
-0.210408
-0.277211
-0.398510
-0.557739
-0.719263
-0.840869
-0.888174
-0.845676
-0.720957
-0.541424
-0.345620
-0.172639
-0.053085
-0.003814
-0.026952
-0.112307
-0.241575
-0.392811
-0.544147
-0.676378
-0.774384
-0.827645
-0.830110
-0.779719
-0.677972
-0.529848
-0.344203
-0.134408
0.081399
0.281249
0.441927
0.543032
0.571466
0.524748
0.411719
0.250019
0.061131
-0.135114
-0.324253
-0.497568
-0.649155
-0.771499
-0.852402
-0.875736
-0.826784
-0.700457
-0.508710
-0.283067
-0.069659
0.082719
0.137801
0.084503
-0.058322
-0.247659
-0.431023
-0.564699
-0.628428
-0.630677
-0.602461
-0.582415
-0.599497
-0.660662
-0.748594
-0.830159
-0.871536
-0.853141
-0.777698
-0.668067
-0.556095
-0.467848
-0.412107
-0.377358
-0.338524
-0.270105
-0.159486
-0.014139
0.140681
0.272672
0.356685
0.385822
0.374268
0.350532
0.344076
0.371338
0.427385
0.486911
0.514169
0.477604
0.363025
0.179971
-0.041066
-0.259102
-0.436381
-0.550036
-0.597670
-0.595587
-0.571264
-0.553496
-0.563756
-0.611185
-0.691778
-0.790866
-0.887380
-0.958580
-0.984513
-0.951911
-0.857197
-0.707943
-0.521949
-0.323455
-0.136991
0.019428
0.139272
0.228394
0.301084
0.372530
0.450794
0.531943
0.600871
0.637927
0.628720
0.572736
0.486607
0.399916
0.344749
0.342991
0.396683
0.485684
0.573983
0.622489
0.603440
0.510993
0.364054
0.200532
0.065368
-0.003249
0.015166
0.118424
0.283430
0.473229
0.646612
0.767430
0.811591
0.770739
0.652527
0.477869
0.275844
0.077188
-0.092351
-0.217199
-0.294223
-0.331266
-0.342406
-0.341673
-0.337644
-0.331098
-0.316463
-0.286119
-0.235169
-0.164176
-0.078507
0.015120
0.112576
0.213975
0.321468
0.433880
0.541124
0.622183
0.649162
0.597061
0.455568
0.237368
-0.021840
-0.273126
-0.470903
-0.589646
-0.633304
-0.632604
-0.630558
-0.661962
-0.735684
-0.827896
-0.889823
-0.867312
-0.724211
-0.459651
-0.111795
0.253685
0.565695
0.771346
0.851795
0.824602
0.732779
0.626064
0.542602
0.498047
0.485191
0.482397
0.465740
0.419157
0.338890
0.231871
0.110517
-0.012556
-0.127410
-0.226863
-0.305298
-0.358221
-0.383630
-0.384428
-0.369853
-0.353917
-0.350476
-0.366738
-0.398563
-0.430649
-0.442615
-0.418882
-0.357867
-0.275559
-0.200740
-0.162902
-0.177695
-0.236560
-0.305988
-0.337951
-0.288120
-0.134669
0.110262
0.401773
0.676281
0.873362
0.956942
0.927590
0.821177
0.694607
0.604312
0.585831
0.642065
0.744116
0.843754
0.892234
0.858315
0.739103
0.560488
0.367844
0.210980
0.128802
0.138653
0.233126
0.384384
0.553691
0.702536
0.801865
0.837080
0.808187
0.726120
0.607319
0.468793
0.325329
0.189279
0.072159
-0.013532
-0.054027
-0.036483
0.046576
0.192182
0.383565
0.590673
0.775518
0.901423
0.943450
0.896389
0.777094
0.619719
0.464985
0.346890
0.281532
0.262142
0.262399
0.247006
0.185892
0.066868
-0.097910
-0.274184
-0.415923
-0.480214
-0.441605
-0.301005
-0.086236
0.155783
0.372417
0.519786
0.573779
0.534541
0.423696
0.275986
0.128476
0.010817
-0.060866
-0.085462
-0.074342
-0.046478
-0.023075
-0.023100
-0.060254
-0.141192
-0.264539
-0.420396
-0.590511
-0.749661
-0.868784
-0.919940
-0.882417
-0.748560
-0.527573
-0.245824
0.056953
0.335002
0.545823
0.659159
0.663522
0.568734
0.403933
0.211590
0.038837
-0.072083
-0.092381
-0.012661
0.154975
0.379161
0.615609
0.816406
0.940370
0.962111
0.877525
0.704269
0.476981
0.238549
0.029868
-0.119054
-0.194271
-0.198303
-0.146296
-0.059794
0.039501
0.133996
0.211639
0.264967
0.289136
0.280474
0.236515
0.157422
0.047855
-0.082075
-0.217683
-0.342505
-0.442089
-0.507364
-0.536269
-0.533124
-0.506209
-0.464736
-0.416585
-0.367610
-0.322428
-0.285807
-0.263451
-0.261330
-0.283574
-0.329817
-0.393361
-0.461339
-0.517233
-0.545052
-0.533707
-0.479946
-0.388783
-0.271398
-0.141443
-0.011280
0.110483
0.219504
0.314520
0.395414
0.461626
0.511628
0.543473
0.555813
0.548572
0.522733
0.479300
0.418068
0.337087
0.233499
0.105723
-0.043724
-0.205993
-0.365494
-0.501974
-0.594889
-0.628942
-0.599133
-0.513535
-0.392634
-0.264960
-0.159902
-0.099545
-0.091901
-0.127739
-0.182442
-0.222832
-0.217384
-0.146865
-0.011917
0.165278
0.346422
0.488405
0.557030
0.538508
0.444493
0.308502
0.174657
0.082669
0.054514
0.087820
0.158441
0.231066
0.273507
0.268835
0.220439
0.148147
0.077346
0.026093
-0.003981
-0.028818
-0.074519
-0.164522
-0.306956
-0.487726
-0.672422
-0.816460
-0.879360
-0.837617
-0.691339
-0.462771
-0.188132
0.093189
0.347604
0.551507
0.690421
0.755435
0.740321
0.641898
0.464006
0.222904
-0.049459
-0.307516
-0.500528
-0.585513
-0.540420
-0.372584
-0.118893
0.163029
0.409990
0.569870
0.614379
0.544143
0.385141
0.178502
-0.032372
-0.212989
-0.344131
-0.422387
-0.455973
-0.458330
-0.442180
-0.415925
-0.382966
-0.343296
-0.296069
-0.241860
-0.183850
-0.127827
-0.081361
-0.052695
-0.049610
-0.078337
-0.142320
-0.240773
-0.367260
-0.508879
-0.646788
-0.758622
-0.822772
-0.823708
-0.756889
-0.631571
-0.470199
-0.304042
-0.165947
-0.082163
-0.065692
-0.113243
-0.206810
-0.319345
-0.422704
-0.495276
-0.526975
-0.520305
-0.487629
-0.446128
-0.412466
-0.398993
-0.412294
-0.453741
-0.520856
-0.608210
-0.707145
-0.804775
-0.883444
-0.922127
-0.900437
-0.804673
-0.633942
-0.403722
-0.144740
0.103410
0.302397
0.425726
0.465934
0.435531
0.361102
0.272702
0.192589
0.127804
0.069562
-0.000330
-0.098840
-0.231541
-0.387504
-0.541783
-0.664720
-0.734226
-0.745662
-0.714702
-0.671426
-0.647597
-0.662229
-0.711539
-0.767936
-0.789120
-0.734247
-0.581077
-0.337380
-0.041923
0.245741
0.463230
0.564708
0.534955
0.393520
0.188038
-0.020440
-0.174806
-0.236349
-0.192388
-0.055927
0.141117
0.357975
0.555016
0.701304
0.778734
0.783015
0.722241
0.613866
0.480651
0.346004
0.229407
0.142889
0.089564
0.064856
0.060095
0.067119
0.081929
0.105674
0.142359
0.194290
0.257505
0.319785
0.362854
0.368483
0.326206
0.239262
0.125718
0.013589
-0.068642
-0.102510
-0.086732
-0.037827
0.016443
0.048376
0.041855
-0.000733
-0.059230
-0.104063
-0.108939
-0.062770
0.024178
0.122605
0.194324
0.206373
0.143602
0.014754
-0.150423
-0.311982
-0.434396
-0.499359
-0.511898
-0.497455
-0.491118
-0.523123
-0.606125
-0.729022
-0.859545
-0.954603
-0.974492
-0.895883
-0.719136
-0.467835
-0.181323
0.096551
0.328291
0.489729
0.571626
0.576675
0.514358
0.396490
0.235245
0.043847
-0.161557
-0.360941
-0.531976
-0.654273
-0.714884
-0.712617
-0.658969
-0.574756
-0.483343
-0.402890
-0.340563
-0.290886
-0.238833
-0.166383
-0.060032
0.083465
0.254960
0.434833
0.597992
0.720182
0.783808
0.781958
0.720102
0.615413
0.493937
0.385904
0.319599
0.314649
0.376116
0.491227
0.630367
0.753055
0.818007
0.794776
0.673380
0.468583
0.216976
-0.032607
-0.232455
-0.348824
-0.370176
-0.308369
-0.192922
-0.060854
0.054096
0.129307
0.156130
0.137874
0.084837
0.009010
-0.079361
-0.172545
-0.264094
-0.347207
-0.414230
-0.457983
-0.474327
-0.464524
-0.435772
-0.399094
-0.365019
-0.338745
-0.316986
-0.288298
-0.237345
-0.151939
-0.030285
0.114507
0.254919
0.355077
0.380908
0.311241
0.146116
-0.090752
-0.356563
-0.599921
-0.774015
-0.848342
-0.815290
-0.689663
-0.501751
-0.286730
-0.074346
0.117482
0.283272
0.425301
0.546321
0.643304
0.705312
0.716726
0.664552
0.546653
0.377044
0.185439
0.010442
-0.111538
-0.157744
-0.126569
-0.038115
0.072627
0.167672
0.218795
0.216620
0.172908
0.115398
0.077265
0.085073
0.149533
0.262120
0.398460
0.526926
0.619187
0.658899
0.645669
0.593146
0.522283
0.452451
0.393721
0.343169
0.286486
0.204287
0.080764
-0.088548
-0.292884
-0.507851
-0.702176
-0.847292
-0.926341
-0.939258
-0.901977
-0.840017
-0.778832
-0.734649
-0.709322
-0.691200
-0.661519
-0.603618
-0.511041
-0.391123
-0.262546
-0.148013
-0.065281
-0.020523
-0.006894
-0.008823
-0.009878
-0.000412
0.018722
0.038244
0.047350
0.042078
0.030807
0.033715
0.075684
0.175236
0.334195
0.532783
0.732853
0.888631
0.961120
0.930794
0.803744
0.609073
0.388759
0.184043
0.023451
-0.083436
-0.144922
-0.180196
-0.209825
-0.247583
-0.296384
-0.349023
-0.392515
-0.413764
-0.404323
-0.362954
-0.295815
-0.214937
-0.135825
-0.074816
-0.046406
-0.060666
-0.121058
-0.223230
-0.355481
-0.501169
-0.642612
-0.765215
-0.860256
-0.925215
-0.961569
-0.971253
-0.953715
-0.905295
-0.821503
-0.701219
-0.550623
-0.384533
-0.223882
-0.089918
0.002597
0.050182
0.061199
0.051791
0.038980
0.034043
0.039126
0.048480
0.053393
0.048112
0.033598
0.017202
0.008545
0.013985
0.032912
0.058166
0.080683
0.096000
0.108918
0.133233
0.185704
0.276491
0.400446
0.533845
0.639107
0.676507
0.618619
0.461595
0.228384
-0.037792
-0.287361
-0.480257
-0.597489
-0.644130
-0.643048
-0.622622
-0.603886
-0.592472
-0.578201
-0.541779
-0.464995
-0.339723
-0.171961
0.020319
0.213927
0.388443
0.531912
0.642201
0.724134
0.784377
0.826754
0.850115
0.849371
0.818859
0.756182
0.664760
0.554066
0.437636
0.329705
0.241717
0.179682
0.142956
0.124556
0.112869
0.094464
0.057560
-0.004530
-0.090919
-0.192569
-0.294241
-0.378735
-0.432305
-0.449388
-0.434806
-0.402420
-0.370560
-0.355915
-0.368263
-0.408061
-0.467673
-0.535416
-0.600397
-0.655909
-0.700071
-0.733880
-0.758197
-0.771710
-0.771215
-0.754164
-0.721932
-0.681587
-0.644538
-0.622011
-0.619099
-0.630287
-0.639048
-0.622509
-0.559868
-0.441342
-0.273876
-0.080924
0.104018
0.247888
0.328638
0.341954
0.301733
0.234404
0.169472
0.129914
0.125753
0.152670
0.195495
0.234805
0.254083
0.245168
0.210641
0.162892
0.120482
0.102888
0.124849
0.191554
0.295793
0.418031
0.529830
0.600278
0.604056
0.528950
0.380398
0.181291
-0.033334
-0.225332
-0.363481
-0.431315
-0.430310
-0.377607
-0.299309
-0.221839
-0.164219
-0.133518
-0.124383
-0.122133
-0.107958
-0.064475
0.019682
0.146958
0.309778
0.491094
0.666426
0.807280
0.885766
0.879875
0.778547
0.585271
0.319117
0.012480
-0.294295
-0.560461
-0.752951
-0.853148
-0.860719
-0.793518
-0.683429
-0.568944
-0.486115
-0.460030
-0.498995
-0.593118
-0.717767
-0.841031
-0.932912
-0.973361
-0.956542
-0.890073
-0.789885
-0.673059
-0.551791
-0.431036
-0.310687
-0.190863
-0.077380
0.015868
0.069511
0.065859
-0.002157
-0.124240
-0.271607
-0.402783
-0.474801
-0.455982
-0.335708
-0.127740
0.133975
0.405250
0.643673
0.818619
0.916317
0.939138
0.900359
0.817024
0.703700
0.569130
0.416483
0.246547
0.062347
-0.126713
-0.302887
-0.441397
-0.515201
-0.502289
-0.393542
-0.198569
0.052947
0.315765
0.538974
0.678732
0.709922
0.632757
0.471908
0.268303
0.066470
-0.098118
-0.207410
-0.262454
-0.278786
-0.278229
-0.280796
-0.299530
-0.339163
-0.397470
-0.467220
-0.537142
-0.591922
-0.612712
-0.580128
-0.480491
-0.313845
-0.100262
0.119636
0.292315
0.366165
0.308928
0.121074
-0.160776
-0.472826
-0.742987
-0.913092
-0.956264
-0.883156
-0.735133
-0.567638
-0.430511
-0.352706
-0.336433
-0.361592
-0.397292
-0.415063
-0.398610
-0.347281
-0.273368
-0.195655
-0.132390
-0.096121
-0.091353
-0.114680
-0.156432
-0.203024
-0.239659
-0.253258
-0.235359
-0.184298
-0.105843
-0.011767
0.083264
0.165304
0.223667
0.251407
0.243947
0.197288
0.107667
-0.026231
-0.199086
-0.395032
-0.587020
-0.741420
-0.827488
-0.828583
-0.750359
-0.621711
-0.486850
-0.390758
-0.363366
-0.408911
-0.505007
-0.612118
-0.689678
-0.712281
-0.679291
-0.614012
-0.552904
-0.529371
-0.558760
-0.630440
-0.709943
-0.750201
-0.707701
-0.557960
-0.305314
0.015789
0.348130
0.625447
0.788849
0.801798
0.659954
0.393397
0.060384
-0.266161
-0.516203
-0.639593
-0.617694
-0.466163
-0.228092
0.040086
0.285077
0.470020
0.580463
0.621938
0.611415
0.567140
0.501462
0.419375
0.322437
0.215131
0.109726
0.026657
-0.010218
0.018422
0.119505
0.282953
0.481964
0.677821
0.827522
0.892204
0.844849
0.676519
0.400608
0.054152
-0.305290
-0.608556
-0.789564
-0.803223
-0.641450
-0.341092
0.021011
0.346571
0.543480
0.553764
0.371906
0.046452
-0.336161
-0.679862
-0.908832
-0.988155
-0.928275
-0.773062
-0.577881
-0.387530
-0.223072
-0.081843
0.051348
0.188671
0.327597
0.448785
0.524200
0.531111
0.464910
0.344435
0.207104
0.095837
0.043293
0.059891
0.130183
0.218544
0.281524
0.282016
0.200407
0.039601
-0.176665
-0.410705
-0.620373
-0.768580
-0.830962
-0.800578
-0.689106
-0.524322
-0.344160
-0.188197
-0.088313
-0.060805
-0.102243
-0.190448
-0.290476
-0.363880
-0.378462
-0.315782
-0.174582
0.030136
0.271342
0.515824
0.730111
0.885626
0.962888
0.954780
0.868633
0.726310
0.561341
0.412668
0.315780
0.293422
0.348915
0.464837
0.608208
0.740991
0.832510
0.869357
0.859034
0.825789
0.800092
0.805674
0.849064
0.915672
0.973957
0.986169
0.921663
0.767933
0.535444
0.254777
-0.032497
-0.285677
-0.475157
-0.587683
-0.625473
-0.600561
-0.527470
-0.417773
-0.278881
-0.117243
0.056108
0.221092
0.348419
0.405168
0.364914
0.218765
-0.017409
-0.303428
-0.584109
-0.805124
-0.930063
-0.952329
-0.896846
-0.810189
-0.742237
-0.725976
-0.763353
-0.823090
-0.851981
-0.795914
-0.622749
-0.338118
0.012461
0.356578
0.618587
0.745191
0.723228
0.582862
0.384952
0.197573
0.070872
0.019995
0.022517
0.030891
-0.005567
-0.118355
-0.306206
-0.535483
-0.753859
-0.911069
-0.977804
-0.954902
-0.869430
-0.760042
-0.658578
-0.576334
-0.501030
-0.405582
-0.264319
-0.068925
0.163505
0.394283
0.577445
0.678361
0.688496
0.629725
0.546229
0.487295
0.488232
0.557191
0.672949
0.793933
0.874096
0.878822
0.794711
0.630332
0.409232
0.159602
-0.094284
-0.335540
-0.552891
-0.736364
-0.874224
-0.953818
-0.966397
-0.913307
-0.809765
-0.683300
-0.566493
-0.486531
-0.455932
-0.468463
-0.502091
-0.527740
-0.520082
-0.465964
-0.367303
-0.237993
-0.096909
0.039456
0.161615
0.267626
0.360363
0.443719
0.519958
0.589224
0.650628
0.703345
0.746353
0.776634
0.787159
0.766680
0.702823
0.588169
0.427078
0.239767
0.060728
-0.069332
-0.115859
-0.062654
0.081086
0.282189
0.493407
0.668297
0.775495
0.807000
0.777551
0.715875
0.651827
0.604864
0.578385
0.561681
0.537888
0.493951
0.428039
0.351403
0.284248
0.247823
0.256298
0.311735
0.403795
0.513703
0.620379
0.706169
0.760275
0.779404
0.766326
0.727700
0.672230
0.609475
0.548904
0.498554
0.463030
0.441339
0.425670
0.402269
0.354894
0.270171
0.143126
-0.019265
-0.198210
-0.367295
-0.499627
-0.575557
-0.588389
-0.546114
-0.468703
-0.381995
-0.310363
-0.270475
-0.267911
-0.297156
-0.344374
-0.391622
-0.421093
-0.418416
-0.374724
-0.287678
-0.161827
-0.008442
0.155325
0.308334
0.428589
0.497383
0.503597
0.446957
0.339046
0.201434
0.061134
-0.055533
-0.129009
-0.150857
-0.125270
-0.067472
0.000381
0.054570
0.075031
0.049289
-0.025573
-0.143027
-0.288952
-0.444696
-0.590659
-0.709760
-0.790138
-0.826588
-0.820394
-0.777615
-0.706323
-0.613710
-0.504145
-0.379037
-0.238700
-0.085561
0.072697
0.221744
0.342175
0.414225
0.424391
0.371678
0.270867
0.150939
0.048405
-0.002780
0.018454
0.113315
0.262202
0.430439
0.578990
0.676570
0.709021
0.682713
0.620926
0.554662
0.511335
0.505438
0.534447
0.581137
0.621139
0.632666
0.604772
0.541243
0.459009
0.382047
0.333280
0.327430
0.367237
0.443916
0.541206
0.641147
0.729371
0.798172
0.846666
0.878456
0.898116
0.907978
0.906488
0.888569
0.847762
0.779115
0.681712
0.559799
0.422083
0.279463
0.142106
0.017069
-0.092477
-0.185982
-0.262696
-0.318604
-0.344798
-0.328659
-0.258136
-0.127994
0.054374
0.266419
0.473257
0.636070
0.723958
0.725223
0.653529
0.545698
0.450735
0.413138
0.456134
0.571173
0.718190
0.837373
0.868879
0.773654
0.547840
0.225402
-0.132133
-0.455104
-0.687303
-0.802028
-0.807280
-0.739100
-0.646457
-0.573981
-0.548968
-0.576680
-0.644136
-0.729188
-0.810061
-0.871225
-0.904042
-0.903574
-0.864858
-0.781866
-0.650501
-0.474266
-0.269160
-0.064185
0.104442
0.204151
0.217963
0.152316
0.036790
-0.085068
-0.170811
-0.194306
-0.154987
-0.077292
-0.000362
0.037911
0.016154
-0.061894
-0.168646
-0.262924
-0.304889
-0.269760
-0.155409
0.018242
0.216727
0.401706
0.540552
0.611917
0.606735
0.526192
0.379139
0.180735
-0.047471
-0.277417
-0.476295
-0.611409
-0.657445
-0.603791
-0.458692
-0.247887
-0.007547
0.226156
0.426823
0.582972
0.696497
0.775350
0.824041
0.836696
0.796435
0.682006
0.479272
0.192638
-0.148898
-0.494531
-0.783257
-0.960698
-0.995280
-0.887918
-0.671653
-0.401359
-0.137115
0.072996
0.205012
0.262546
0.271201
0.266609
0.280691
0.330784
0.414894
0.513881
0.599088
0.642308
0.624675
0.541757
0.403783
0.231482
0.049446
-0.120581
-0.264330
-0.376288
-0.457694
-0.512448
-0.542814
-0.546791
-0.518255
-0.449834
-0.337253
-0.183263
0.000679
0.195907
0.380831
0.536428
0.650831
0.721258
0.752745
0.754507
0.735798
0.703215
0.660524
0.610676
0.558370
0.511135
0.477594
0.463177
0.465180
0.470002
0.454871
0.394582
0.271367
0.084143
-0.147031
-0.383998
-0.580900
-0.698685
-0.718500
-0.648743
-0.522803
-0.387967
-0.289453
-0.255413
-0.288380
-0.366151
-0.451426
-0.506341
-0.506359
-0.448535
-0.351567
-0.248149
-0.172857
-0.150043
-0.185746
-0.265896
-0.360783
-0.433915
-0.452347
-0.395611
-0.261113
-0.064990
0.161541
0.379356
0.550509
0.647145
0.658076
0.591230
0.471090
0.331672
0.206971
0.121843
0.086293
0.095018
0.132201
0.179504
0.223963
0.262554
0.301609
0.351521
0.419248
0.502138
0.586066
0.649011
0.668803
0.631931
0.539762
0.409589
0.270056
0.152739
0.083139
0.074296
0.125008
0.222598
0.348489
0.484035
0.614464
0.730035
0.824948
0.895415
0.938394
0.951654
0.934919
0.891050
0.826204
0.748514
0.665693
0.582686
0.500495
0.416802
0.328077
0.232131
0.129899
0.025663
-0.074184
-0.162995
-0.235214
-0.286501
-0.312757
-0.309000
-0.269351
-0.188863
-0.066890
0.089469
0.263903
0.432947
0.571734
0.661827
0.698108
0.691577
0.666203
0.650314
0.665469
0.717196
0.791620
0.859887
0.889060
0.855378
0.754444
0.603938
0.437399
0.291388
0.191237
0.141376
0.124400
0.109362
0.065811
-0.022489
-0.150101
-0.292002
-0.414275
-0.488708
-0.504841
-0.474186
-0.424859
-0.389154
-0.389709
-0.430471
-0.496321
-0.561219
-0.600809
-0.603478
-0.574758
-0.533228
-0.500191
-0.488330
-0.494996
-0.503467
-0.491630
-0.443882
-0.360434
-0.259337
-0.169926
-0.120391
-0.124952
-0.176346
-0.246981
-0.298331
-0.294600
-0.215085
-0.060521
0.148443
0.379153
0.597311
0.775524
0.897262
0.956036
0.951798
0.887397
0.767225
0.598352
0.392717
0.168244
-0.052708
-0.247591
-0.399013
-0.498830
-0.549090
-0.559374
-0.541776
-0.505790
-0.455285
-0.388646
-0.301610
-0.191180
-0.058768
0.088655
0.239458
0.379443
0.494019
0.569766
0.595531
0.563674
0.472024
0.326422
0.142764
-0.052984
-0.227942
-0.348665
-0.389175
-0.338111
-0.202374
-0.005732
0.217352
0.430632
0.604787
0.723231
0.783628
0.795403
0.774851
0.739927
0.706281
0.685141
0.682687
0.700116
0.733827
0.775675
0.813748
0.834107
0.823540
0.772714
0.678678
0.545771
0.384602
0.209561
0.035903
-0.122521
-0.254394
-0.351147
-0.407030
-0.419759
-0.391805
-0.331607
-0.253536
-0.175638
-0.115235
-0.083633
-0.082049
-0.100729
-0.122093
-0.127017
-0.101895
-0.043646
0.039353
0.130657
0.211802
0.268251
0.292736
0.284953
0.248520
0.187472
0.104683
0.003329
-0.109452
-0.219185
-0.303733
-0.337567
-0.299828
-0.183152
0.000744
0.221854
0.439655
0.615452
0.724709
0.764488
0.752968
0.721174
0.700149
0.708563
0.745447
0.790463
0.811264
0.774832
0.658676
0.458348
0.189483
-0.115433
-0.413958
-0.662250
-0.823591
-0.875708
-0.815999
-0.663630
-0.457525
-0.249161
