0.411591
0.463159
0.381113
0.190783
-0.057171
-0.301990
-0.490973
-0.594443
-0.612444
-0.571082
-0.510119
-0.466588
-0.460514
-0.487875
-0.523065
-0.529604
-0.474824
-0.343097
-0.142958
0.094058
0.322025
0.493418
0.571794
0.540620
0.406285
0.195331
-0.052398
-0.292282
-0.482992
-0.592722
-0.603111
-0.510945
-0.327878
-0.078360
0.204143
0.482359
0.721219
0.893543
0.984117
0.991102
0.924368
0.801340
0.641754
0.463104
0.278309
0.096253
-0.075328
-0.226164
-0.341069
-0.400595
-0.385415
-0.283542
-0.098050
0.147819
0.410978
0.635545
0.765662
0.760793
0.608774
0.331976
-0.016220
-0.364345
-0.641584
-0.796547
-0.809962
-0.697265
-0.500528
-0.273066
-0.062558
0.101211
0.210044
0.272228
0.302015
0.309141
0.293400
0.246635
0.160806
0.037761
-0.104650
-0.233917
-0.312106
-0.309689
-0.218308
-0.056886
0.131990
0.294594
0.383084
0.370792
0.260286
0.081526
-0.118780
-0.292402
-0.403867
-0.439118
-0.406366
-0.329952
-0.240297
-0.163925
-0.116802
-0.102539
-0.115042
-0.143717
-0.178835
-0.215014
-0.251756
-0.291186
-0.334133
-0.376287
-0.406198
-0.406360
-0.357670
-0.246280
-0.070787
0.152913
0.391493
0.599898
0.732072
0.753876
0.654147
0.449942
0.183648
-0.087681
-0.307656
-0.435678
-0.456934
-0.384158
-0.250932
-0.099303
0.033699
0.126007
0.173946
0.188812
0.188790
0.189792
0.198758
0.211524
0.215394
0.194836
0.137857
0.040807
-0.089715
-0.238039
-0.382959
-0.502491
-0.578700
-0.601670
-0.571856
-0.500274
-0.406211
-0.312647
-0.240257
-0.201645
-0.197739
-0.218004
-0.244907
-0.261463
-0.259170
-0.243043
-0.231171
-0.248172
-0.314498
-0.435591
-0.595542
-0.758617
-0.879151
-0.916913
-0.852446
-0.696326
-0.488157
-0.284761
-0.141232
-0.091513
-0.135715
-0.239168
-0.343958
-0.389046
-0.331775
-0.163033
0.089346
0.369969
0.614350
0.769587
0.809801
0.741247
0.596071
0.418003
0.245999
0.102123
-0.012230
-0.111305
-0.214148
-0.332986
-0.465694
-0.595106
-0.694909
-0.739254
-0.711941
-0.611654
-0.451616
-0.254470
-0.045015
0.156071
0.335154
0.484678
0.599543
0.673257
0.696291
0.657938
0.551316
0.379518
0.160098
-0.074609
-0.282509
-0.421273
-0.459744
-0.387504
-0.219156
0.008669
0.247167
0.449293
0.583349
0.641697
0.641534
0.617342
0.607535
0.639934
0.721172
0.833732
0.941550
1.002137
0.980819
0.862307
0.655874
0.392989
0.118840
-0.119055
-0.281507
-0.344938
-0.304199
-0.171405
0.027953
0.260326
0.490007
0.685093
0.822959
0.894253
0.904117
0.869544
0.812953
0.753567
0.699619
0.644637
0.569883
0.452610
0.277146
0.044217
-0.225713
-0.497022
-0.730003
-0.894071
-0.977702
-0.991060
-0.960448
-0.917278
-0.886495
-0.879352
-0.893002
-0.916048
-0.936446
-0.947469
-0.948959
-0.944079
-0.934412
-0.917099
-0.886431
-0.839282
-0.781069
-0.727871
-0.701868
-0.720787
-0.785721
-0.873601
-0.939385
-0.929101
-0.799737
-0.538246
-0.171420
0.238384
0.610981
0.873218
0.981606
0.934253
0.768160
0.543909
0.324635
0.157775
0.065928
0.048528
0.091158
0.176506
0.291288
0.426535
0.572576
0.713024
0.822399
0.869959
0.828799
0.686358
0.451441
0.154284
-0.160799
-0.447491
-0.669752
-0.810013
-0.870991
-0.871426
-0.838163
-0.797687
-0.769565
-0.762936
-0.775840
-0.796718
-0.807384
-0.787266
-0.718662
-0.592350
-0.412104
-0.196231
0.025336
0.218464
0.354901
0.421643
0.425902
0.393330
0.359595
0.358127
0.408468
0.509509
0.640029
0.766067
0.852120
0.871906
0.815031
0.687825
0.509053
0.302957
0.092606
-0.104276
-0.276397
-0.417702
-0.525468
-0.599025
-0.639628
-0.651060
-0.640072
-0.615833
-0.588175
-0.565050
-0.550101
-0.541207
-0.530561
-0.506349
-0.455677
-0.368133
-0.239246
-0.073044
0.117100
0.309905
0.480098
0.604213
0.666880
0.665679
0.612660
0.531533
0.450958
0.395906
0.379973
0.401419
0.444405
0.485020
0.499848
0.473935
0.405356
0.304996
0.192090
0.087578
0.007864
-0.038915
-0.053371
-0.042608
-0.016658
0.014936
0.045474
0.072154
0.096114
0.121738
0.155296
0.202823
0.267309
0.345831
0.427795
0.495631
0.528659
0.509579
0.431573
0.303157
0.148198
0.000127
-0.108321
-0.156370
-0.143101
-0.088553
-0.026999
0.005517
-0.015132
-0.091438
-0.202365
-0.310147
-0.373328
-0.361222
-0.264535
-0.098485
0.102295
0.294721
0.439802
0.512336
0.504890
0.425733
0.292715
0.126337
-0.055015
-0.236239
-0.403615
-0.541894
-0.632873
-0.657101
-0.598743
-0.451886
-0.225598
0.054780
0.351348
0.621692
0.828865
0.950069
0.981146
0.935552
0.838349
0.717635
0.596490
0.488190
0.395948
0.316622
0.246277
0.184985
0.138749
0.117884
0.132746
0.188871
0.283679
0.406170
0.539604
0.665942
0.770122
0.842533
0.879032
0.879040
0.843108
0.771436
0.664177
0.523304
0.354932
0.170656
-0.013087
-0.177650
-0.305875
-0.385380
-0.410169
-0.380146
-0.299171
-0.172995
-0.008465
0.185351
0.394647
0.598534
0.768778
0.873034
0.881588
0.776035
0.557110
0.248606
-0.104715
-0.445484
-0.716489
-0.874291
-0.899698
-0.801900
-0.615094
-0.388772
-0.174823
-0.015380
0.065204
0.062612
-0.010497
-0.130695
-0.270386
-0.402645
-0.503645
-0.553500
-0.537218
-0.447055
-0.286251
-0.072504
0.161412
0.372063
0.515148
0.558446
0.493545
0.341441
0.148717
-0.025656
-0.128994
-0.132510
-0.041105
0.108820
0.263147
0.370460
0.401265
0.358526
0.275342
0.200734
0.179266
0.232671
0.350739
0.494887
0.612710
0.657474
0.604859
0.460696
0.257370
0.041131
-0.144078
-0.269819
-0.328777
-0.331703
-0.298186
-0.245967
-0.183546
-0.108856
-0.013915
0.107240
0.251236
0.402113
0.533723
0.617125
0.630310
0.566831
0.440215
0.282439
0.136571
0.045450
0.039456
0.126876
0.289759
0.486869
0.663413
0.765283
0.754006
0.618143
0.377627
0.079490
-0.213986
-0.441295
-0.557166
-0.542954
-0.409198
-0.190201
0.066985
0.315229
0.517696
0.653355
0.717126
0.716142
0.664603
0.579533
0.478598
0.379705
0.301065
0.260213
0.271213
0.340447
0.462501
0.618112
0.775763
0.897360
0.947074
0.901126
0.755741
0.530729
0.267087
0.018622
-0.160777
-0.231153
-0.178013
-0.017856
0.204520
0.426933
0.586548
0.637880
0.566715
0.395365
0.177041
-0.019466
-0.130445
-0.116902
0.023017
0.252844
0.508228
0.715651
0.813456
0.768774
0.585465
0.301345
-0.023692
-0.324503
-0.547376
-0.662175
-0.667352
-0.587478
-0.464706
-0.346763
-0.274397
-0.271077
-0.337165
-0.450001
-0.570163
-0.652730
-0.660827
-0.577661
-0.413160
-0.202549
0.003370
0.153544
0.212681
0.172395
0.053396
-0.102175
-0.245514
-0.337582
-0.361164
-0.324372
-0.254889
-0.187862
-0.152648
-0.163544
-0.217499
-0.298500
-0.385621
-0.460624
-0.512010
-0.534811
-0.527806
-0.491049
-0.425941
-0.338010
-0.240331
-0.154425
-0.106309
-0.117843
-0.196476
-0.328219
-0.478146
-0.599900
-0.651548
-0.611844
-0.489920
-0.323626
-0.166202
-0.065987
-0.047163
-0.099503
-0.181669
-0.237112
-0.216462
-0.097503
0.105159
0.344514
0.557759
0.688520
0.706165
0.615218
0.452102
0.271301
0.126803
0.055704
0.069253
0.153212
0.275839
0.399569
0.492032
0.533405
0.519094
0.458508
0.371418
0.283285
0.220207
0.203753
0.246015
0.345780
0.487248
0.642584
0.778599
0.866186
0.889656
0.852486
0.776869
0.696628
0.645612
0.645768
0.699400
0.788667
0.882522
0.948228
0.962798
0.919699
0.828329
0.706961
0.572705
0.433367
0.285125
0.117215
-0.078606
-0.298471
-0.521727
-0.714262
-0.839334
-0.871907
-0.810444
-0.680747
-0.529409
-0.408704
-0.358469
-0.392027
-0.491848
-0.616876
-0.718724
-0.760411
-0.730245
-0.645448
-0.544339
-0.470470
-0.455239
-0.505887
-0.603322
-0.710041
-0.784414
-0.795249
-0.731038
-0.600893
-0.427940
-0.238951
-0.055039
0.112856
0.262731
0.396401
0.513991
0.611308
0.681422
0.719309
0.726598
0.713271
0.694726
0.685019
0.689308
0.699203
0.693761
0.646361
0.535063
0.352351
0.110242
-0.161412
-0.422886
-0.635771
-0.773266
-0.826067
-0.802384
-0.723024
-0.614197
-0.501086
-0.404153
-0.338391
-0.314140
-0.337507
-0.409088
-0.521186
-0.655204
-0.781571
-0.863892
-0.867276
-0.768710
-0.565895
-0.280932
0.043251
0.353273
0.599432
0.748986
0.794178
0.752368
0.658540
0.553047
0.469025
0.423697
0.416011
0.430539
0.445322
0.440202
0.402609
0.329269
0.224263
0.095312
-0.049502
-0.203058
-0.358444
-0.507216
-0.638253
-0.738367
-0.794716
-0.798003
-0.744950
-0.638969
-0.488915
-0.306946
-0.106910
0.095758
0.282873
0.432533
0.520295
0.523742
0.429857
0.242689
-0.012440
-0.291342
-0.540890
-0.714085
-0.785151
-0.758625
-0.668114
-0.564242
-0.495720
-0.490731
-0.546103
-0.628979
-0.690667
-0.687272
-0.598724
-0.438281
-0.248434
-0.084801
0.005447
0.001742
-0.082482
-0.205968
-0.316557
-0.371657
-0.353917
-0.276099
-0.173886
-0.090376
-0.059145
-0.092730
-0.180585
-0.296144
-0.408954
-0.496158
-0.548660
-0.570259
-0.571345
-0.560983
-0.541336
-0.506676
-0.446759
-0.352283
-0.219576
-0.052571
0.138075
0.337398
0.528203
0.691817
0.807917
0.855083
0.813767
0.672128
0.433181
0.120071
-0.223983
-0.542987
-0.781730
-0.901626
-0.893114
-0.779504
-0.609916
-0.443094
-0.327557
-0.285237
-0.304836
-0.347524
-0.363067
-0.310459
-0.175413
0.021829
0.231344
0.389421
0.439888
0.353488
0.138630
-0.159957
-0.474027
-0.731598
-0.877145
-0.885810
-0.767546
-0.560573
-0.317084
-0.086421
0.098578
0.227839
0.311548
0.370678
0.424701
0.481471
0.533137
0.559491
0.537179
0.450907
0.302041
0.111089
-0.086936
-0.252454
-0.352683
-0.370154
-0.305507
-0.174221
0.000542
0.195390
0.391156
0.572960
0.726886
0.836200
0.880337
0.838508
0.697290
0.459194
0.148108
-0.191670
-0.503691
-0.732776
-0.839228
-0.809020
-0.656572
-0.419573
-0.148112
0.107830
0.308508
0.429731
0.463166
0.413351
0.293826
0.124171
-0.071593
-0.266100
-0.430562
-0.538355
-0.569882
-0.517286
-0.387138
-0.199830
0.014411
0.221627
0.390497
0.497248
0.528304
0.480884
0.362380
0.189251
-0.014432
-0.219238
-0.394044
-0.511167
-0.552029
-0.511602
-0.399780
-0.238735
-0.056805
0.118987
0.269060
0.383866
0.462369
0.507758
0.522989
0.508656
0.464381
0.392819
0.303767
0.215457
0.151272
0.132344
0.168726
0.252949
0.359250
0.449605
0.484988
0.438022
0.302518
0.096461
-0.142553
-0.367756
-0.535867
-0.617869
-0.604809
-0.507462
-0.350798
-0.165635
0.019687
0.185229
0.321707
0.428999
0.511932
0.575028
0.618124
0.634508
0.612473
0.540045
0.411423
0.232711
0.024339
-0.181571
-0.348887
-0.448090
-0.466150
-0.411731
-0.313137
-0.209088
-0.135283
-0.111627
-0.135057
-0.180899
-0.212427
-0.195074
-0.109939
0.038428
0.222641
0.400897
0.529797
0.576870
0.528824
0.393625
0.196907
-0.025091
-0.233498
-0.393878
-0.481757
-0.486674
-0.414765
-0.289213
-0.147340
-0.033422
0.012325
-0.033903
-0.169891
-0.364792
-0.565899
-0.713847
-0.761687
-0.691097
-0.519402
-0.294186
-0.076958
0.078257
0.143391
0.124849
0.058983
-0.003469
-0.017634
0.038502
0.156709
0.302992
0.431394
0.501100
0.490038
0.400154
0.253363
0.081012
-0.088062
-0.235843
-0.357034
-0.454919
-0.534226
-0.595057
-0.631022
-0.632428
-0.592767
-0.515104
-0.414899
-0.317352
-0.249788
-0.231869
-0.267595
-0.342568
-0.428111
-0.491174
-0.506616
-0.467318
-0.388115
-0.301694
-0.247477
-0.257289
-0.342994
-0.490815
-0.664772
-0.818356
-0.910388
-0.919293
-0.850489
-0.734073
-0.613660
-0.530688
-0.510139
-0.553106
-0.638707
-0.734155
-0.808512
-0.844385
-0.842969
-0.820911
-0.801007
-0.801281
-0.827382
-0.871378
-0.916883
-0.947613
-0.954944
-0.940943
-0.915714
-0.890773
-0.872118
-0.856596
-0.833444
-0.790091
-0.719176
-0.623084
-0.513585
-0.406708
-0.315398
-0.243729
-0.185697
-0.129363
-0.064421
0.010567
0.085004
0.139121
0.152016
0.111568
0.021925
-0.094810
-0.203704
-0.267144
-0.256298
-0.159804
0.013149
0.235935
0.472216
0.685384
0.846777
0.940678
0.965538
0.932060
0.859345
0.770350
0.687508
0.628992
0.605934
0.620857
0.667604
0.732898
0.799339
0.849250
0.868550
0.849799
0.793776
0.709345
0.611654
0.518969
0.448565
0.412333
0.412971
0.441876
0.479768
0.500574
0.478078
0.393684
0.242763
0.037158
-0.197531
-0.429265
-0.629038
-0.778914
-0.875562
-0.928011
-0.950919
-0.956642
-0.949872
-0.927337
-0.882419
-0.812019
-0.721706
-0.625953
-0.542779
-0.485055
-0.452847
-0.430915
-0.393346
-0.313790
-0.176978
0.013678
0.235975
0.456484
0.642455
0.772869
0.844002
0.867678
0.863815
0.851452
0.842502
0.840629
0.844459
0.852022
0.862889
0.876268
0.886262
0.877852
0.827432
0.709606
0.508449
0.228324
-0.101405
-0.431305
-0.705716
-0.880479
-0.937255
-0.888353
-0.769989
-0.627118
-0.496613
-0.396073
-0.322560
-0.260645
-0.194730
-0.118927
-0.039541
0.030560
0.081941
0.116878
0.150853
0.205932
0.299221
0.432434
0.588269
0.735850
0.842847
0.888379
0.870334
0.803637
0.710654
0.609054
0.503668
0.386755
0.246434
0.078505
-0.105209
-0.277327
-0.404965
-0.464969
-0.456727
-0.405529
-0.353700
-0.342636
-0.393563
-0.495945
-0.609372
-0.678733
-0.656466
-0.522341
-0.292299
-0.012658
0.257538
0.468232
0.594859
0.643084
0.640649
0.620867
0.605678
0.595826
0.572093
0.506377
0.377137
0.182059
-0.057602
-0.302727
-0.509462
-0.644208
-0.694450
-0.671371
-0.603715
-0.525735
-0.464145
-0.429040
-0.411909
-0.391063
-0.342021
-0.248725
-0.111308
0.052417
0.212202
0.335269
0.397110
0.389066
0.319871
0.210723
0.086057
-0.035974
-0.149156
-0.258458
-0.373199
-0.497343
-0.621746
-0.722689
-0.768416
-0.731768
-0.603846
-0.402549
-0.171432
0.031896
0.154117
0.164441
0.065453
-0.108014
-0.301849
-0.462504
-0.555923
-0.578142
-0.553566
-0.522024
-0.520187
-0.565118
-0.646598
-0.731103
-0.775531
-0.744916
-0.627014
-0.438135
-0.218210
-0.017257
0.121541
0.175963
0.151309
0.077551
-0.001438
-0.042587
-0.017343
0.079794
0.230155
0.397041
0.536836
0.611592
0.599460
0.500221
0.334764
0.139087
-0.045113
-0.180454
-0.241833
-0.220548
-0.124190
0.026827
0.204449
0.378153
0.519036
0.602578
0.610612
0.533187
0.370640
0.135446
-0.147147
-0.440854
-0.703028
-0.891839
-0.974508
-0.934473
-0.775588
-0.522152
-0.214780
0.096828
0.362591
0.540482
0.603342
0.543155
0.372291
0.121500
-0.165301
-0.438903
-0.654171
-0.779017
-0.800749
-0.727894
-0.586646
-0.412766
-0.241291
-0.097322
0.009151
0.082808
0.137437
0.187640
0.241139
0.294665
0.334891
0.343804
0.306236
0.216524
0.081818
-0.078992
-0.240040
-0.374933
-0.462548
-0.490417
-0.455192
-0.360857
-0.216178
-0.032816
0.175155
0.390560
0.592375
0.756292
0.857591
0.876340
0.803757
0.647663
0.434684
0.207472
0.016597
-0.091420
-0.086845
0.033641
0.243900
0.493629
0.721156
0.870367
0.906660
0.826842
0.659592
0.456199
0.274530
0.161502
0.139788
0.202888
0.319656
0.446076
0.539760
0.572143
0.534747
0.438481
0.307521
0.170971
0.055515
-0.018958
-0.040641
-0.005291
0.084406
0.218632
0.379727
0.542356
0.676089
0.751008
0.745385
0.653099
0.487864
0.282180
0.080593
-0.071035
-0.137109
-0.101252
0.029913
0.228923
0.454532
0.661366
0.809612
0.872637
0.841411
0.725419
0.550296
0.352641
0.172625
0.045395
-0.007203
0.017442
0.101171
0.209164
0.299354
0.334901
0.296000
0.186943
0.035604
-0.115027
-0.220749
-0.250760
-0.197753
-0.079722
0.067252
0.202581
0.295915
0.337373
0.339292
0.328861
0.334655
0.372630
0.437414
0.502731
0.531162
0.489623
0.364504
0.170325
-0.051931
-0.246737
-0.362159
-0.367746
-0.265654
-0.090921
0.099251
0.243449
0.295009
0.235666
0.079722
-0.131928
-0.345137
-0.508283
-0.585404
-0.563195
-0.450936
-0.274794
-0.069349
0.130797
0.297395
0.412233
0.468446
0.469994
0.429683
0.365810
0.297549
0.239778
0.198714
0.170125
0.141360
0.097152
0.027387
-0.066290
-0.168210
-0.252515
-0.292341
-0.271010
-0.190539
-0.073349
0.044364
0.125628
0.147100
0.108868
0.035152
-0.035015
-0.063841
-0.031254
0.055012
0.160159
0.234112
0.230072
0.122803
-0.080369
-0.340079
-0.596784
-0.789579
-0.875206
-0.840724
-0.705995
-0.515922
-0.325893
-0.185742
-0.127334
-0.158981
-0.267157
-0.423663
-0.595110
-0.751605
-0.872522
-0.948654
-0.981178
-0.978608
-0.953019
-0.916576
-0.879077
-0.846813
-0.822713
-0.807446
-0.800943
-0.803608
-0.816635
-0.841179
-0.876637
-0.918811
-0.959004
-0.984811
-0.982915
-0.943168
-0.862738
-0.748696
-0.617834
-0.493340
-0.399020
-0.352675
-0.360638
-0.415194
-0.495830
-0.574067
-0.620613
-0.612837
-0.540466
-0.407907
-0.232531
-0.039451
0.145657
0.303510
0.425833
0.516194
0.586860
0.652787
0.724886
0.805009
0.884574
0.947417
0.975952
0.958386
0.894297
0.796366
0.687431
0.593741
0.536658
0.525682
0.555179
0.605910
0.650817
0.663107
0.624044
0.528069
0.383853
0.211233
0.035209
-0.121078
-0.242293
-0.324188
-0.373483
-0.404593
-0.434359
-0.476448
-0.537162
-0.613885
-0.696590
-0.771720
-0.826960
-0.855031
-0.855070
-0.831117
-0.788508
-0.730012
-0.653723
-0.554078
-0.425855
-0.269478
-0.094980
0.077791
0.223712
0.320528
0.357583
0.341406
0.295318
0.252526
0.244917
0.291761
0.392833
0.528806
0.668769
0.781723
0.847180
0.860423
0.830428
0.771800
0.694893
0.599175
0.473357
0.302626
0.079706
-0.185647
-0.463857
-0.711822
-0.886585
-0.961138
-0.935667
-0.839043
-0.719241
-0.625954
-0.592120
-0.621685
-0.688556
-0.747140
-0.750182
-0.666760
-0.493372
-0.254138
0.009297
0.253370
0.447004
0.579070
0.656576
0.695479
0.709136
0.700106
0.659068
0.571019
0.425373
0.224744
-0.012112
-0.254883
-0.471871
-0.641101
-0.757202
-0.830822
-0.880801
-0.922748
-0.959385
-0.977301
-0.951946
-0.858833
-0.686110
-0.442837
-0.159100
0.122457
0.360404
0.528044
0.621229
0.657444
0.666698
0.678084
0.707440
0.750868
0.786315
0.782226
0.709641
0.553205
0.317366
0.026201
-0.282360
-0.565444
-0.784353
-0.911578
-0.934598
-0.856477
-0.693900
-0.473413
-0.226477
0.016094
0.229582
0.399615
0.524067
0.611775
0.678149
0.738887
0.803832
0.873102
0.936872
0.978740
0.981247
0.931378
0.824047
0.662729
0.457717
0.223500
-0.023217
-0.264084
-0.478749
-0.644930
-0.740304
-0.746678
-0.655465
-0.472340
-0.218754
0.071050
0.357043
0.602261
0.780452
0.879960
0.902946
0.860979
0.769457
0.643353
0.495705
0.338472
0.184036
0.045379
-0.066006
-0.143689
-0.189219
-0.212026
-0.225269
-0.238784
-0.252231
-0.252195
-0.215647
-0.119439
0.047591
0.275070
0.528846
0.758064
0.909696
0.945337
0.853801
0.654592
0.390921
0.115197
-0.127144
-0.309233
-0.425771
-0.487326
-0.509507
-0.502462
-0.465600
-0.389603
-0.264335
-0.088547
0.123409
0.341184
0.524837
0.635695
0.647581
0.554514
0.372504
0.135417
-0.113227
-0.329768
-0.478685
-0.538122
-0.502210
-0.380520
-0.195249
0.023224
0.241804
0.430348
0.566479
0.638423
0.645129
0.593778
0.495737
0.362684
0.204567
0.030120
-0.150594
-0.323355
-0.468728
-0.564181
-0.589307
-0.532501
-0.396482
-0.200228
0.023820
0.236682
0.401657
0.492260
0.496958
0.419810
0.277627
0.095273
-0.099099
-0.277787
-0.416148
-0.494635
-0.500962
-0.432465
-0.298011
-0.118288
0.076545
0.251962
0.375978
0.425984
0.393469
0.285264
0.121106
-0.071393
-0.262619
-0.425914
-0.540633
-0.593280
-0.577479
-0.493746
-0.349637
-0.160109
0.052669
0.260953
0.434991
0.548172
0.582548
0.533121
0.409416
0.233663
0.035973
-0.152171
-0.304254
-0.403235
-0.443174
-0.427979
-0.368101
-0.276558
-0.165653
-0.045291
0.076950
0.194522
0.300343
0.385960
0.442003
0.459943
0.434556
0.366164
0.261796
0.134761
0.002690
-0.115419
-0.202397
-0.245659
-0.239144
-0.184386
-0.090794
0.024848
0.139904
0.228796
0.267499
0.239221
0.140071
-0.017168
-0.203119
-0.376912
-0.495908
-0.527770
-0.461209
-0.311454
-0.117803
0.066906
0.192100
0.225516
0.163885
0.034198
-0.115318
-0.231652
-0.275149
-0.232827
-0.121995
0.017129
0.136992
0.200526
0.194508
0.133453
0.052799
-0.005765
-0.010957
0.045930
0.147939
0.259379
0.339852
0.359807
0.311729
0.212953
0.099454
0.013260
-0.011702
0.039576
0.159007
0.318544
0.478825
0.600072
0.651908
0.619768
0.507059
0.333467
0.130458
-0.064889
-0.216782
-0.297485
-0.292973
-0.206271
-0.057349
0.120977
0.290573
0.417161
0.478531
0.469294
0.400773
0.296329
0.184001
0.089157
0.029441
0.013025
0.039608
0.102583
0.190800
0.289323
0.379854
0.442262
0.458349
0.417605
0.322980
0.193632
0.062070
-0.034899
-0.069086
-0.033011
0.054149
0.150283
0.203632
0.171396
0.036764
-0.182568
-0.438319
-0.667161
-0.812328
-0.843208
-0.765503
-0.618205
-0.458802
-0.342614
-0.304163
-0.347268
-0.446795
-0.560380
-0.644823
-0.670754
-0.630587
-0.538013
-0.420687
-0.309952
-0.231703
-0.201104
-0.221690
-0.287585
-0.386861
-0.504502
-0.624498
-0.731486
-0.812659
-0.860069
-0.872736
-0.857419
-0.827111
-0.797262
-0.780845
-0.784144
-0.804986
-0.834148
-0.859250
-0.869372
-0.858339
-0.825455
-0.773783
-0.707343
-0.629026
-0.540469
-0.443784
-0.343790
-0.248822
-0.168810
-0.110883
-0.074380
-0.048064
-0.011783
0.057022
0.173972
0.339407
0.535054
0.728018
0.881403
0.967764
0.979961
0.934608
0.866104
0.813187
0.803284
0.841130
0.906666
0.963412
0.974152
0.917514
0.798459
0.648141
0.512881
0.436616
0.443840
0.529916
0.662586
0.793898
0.877645
0.885315
0.814493
0.686911
0.537686
0.400631
0.295751
0.223600
0.168010
0.105186
0.014792
-0.111643
-0.268015
-0.436945
-0.596915
-0.729797
-0.825722
-0.883815
-0.909308
-0.909011
-0.887368
-0.844729
-0.778124
-0.683678
-0.559271
-0.406253
-0.229723
-0.037634
0.160555
0.355008
0.536117
0.694735
0.822435
0.912152
0.959267
0.962877
0.926791
0.859758
0.774661
0.686590
0.610061
0.555785
0.527671
0.520885
0.521801
0.510410
0.465170
0.369360
0.217212
0.017610
-0.206421
-0.423032
-0.600485
-0.716908
-0.767326
-0.765056
-0.736463
-0.710680
-0.708026
-0.731680
-0.766122
-0.783231
-0.753808
-0.659965
-0.503271
-0.305210
-0.099613
0.079910
0.212333
0.296240
0.348555
0.395517
0.459739
0.548855
0.650629
0.736675
0.773374
0.735520
0.617142
0.435123
0.224162
0.025160
-0.128375
-0.220650
-0.256899
-0.258842
-0.254580
-0.267161
-0.306316
-0.366193
-0.429372
-0.474921
-0.486918
-0.460027
-0.400306
-0.321495
-0.238854
-0.163297
-0.098099
-0.039111
0.022123
0.093964
0.180811
0.280952
0.386442
0.484465
0.559438
0.595302
0.577922
0.497782
0.352973
0.151931
-0.085241
-0.328142
-0.540875
-0.689752
-0.751970
-0.722405
-0.615788
-0.462908
-0.301551
-0.165019
-0.072144
-0.022377
0.002303
0.029422
0.085031
0.183748
0.323289
0.485034
0.639836
0.756456
0.809487
0.784427
0.679191
0.502935
0.273792
0.016836
-0.237537
-0.455655
-0.604282
-0.656483
-0.598691
-0.436565
-0.196751
0.077434
0.336180
0.536459
0.653871
0.688546
0.662542
0.609390
0.559706
0.528500
0.509378
0.478102
0.404213
0.266055
0.063057
-0.179841
-0.417649
-0.598734
-0.681181
-0.645995
-0.502439
-0.283942
-0.036632
0.194877
0.379162
0.503376
0.571317
0.596139
0.591424
0.564533
0.514689
0.435953
0.323219
0.178200
0.012680
-0.152393
-0.291600
-0.381716
-0.407891
-0.367254
-0.268914
-0.130656
0.026284
0.182531
0.324275
0.444423
0.541190
0.615013
0.665192
0.687764
0.675607
0.620998
0.519867
0.376194
0.204747
0.030676
-0.114577
-0.200311
-0.204675
-0.121398
0.037062
0.241101
0.450017
0.620851
0.717605
0.718479
0.619578
0.434717
0.191971
-0.071802
-0.317242
-0.508685
-0.619717
-0.637650
-0.566266
-0.426003
-0.250802
-0.081498
0.043251
0.096400
0.069489
-0.025265
-0.158864
-0.294449
-0.398410
-0.449921
-0.445577
-0.397641
-0.326794
-0.252431
-0.184413
-0.119547
-0.044109
0.058682
0.199305
0.374415
0.564156
0.735456
0.850291
0.876245
0.796049
0.613307
0.352891
0.056146
-0.227674
-0.451488
-0.579661
-0.594543
-0.499099
-0.315318
-0.078972
0.168046
0.386056
0.544827
0.628192
0.635299
0.578547
0.479169
0.361856
0.249832
0.161385
0.108163
0.094976
0.120446
0.177965
0.256635
0.342269
0.418698
0.469629
0.481023
0.443710
0.355689
0.223558
0.062605
-0.104685
-0.251688
-0.351984
-0.384426
-0.338026
-0.215558
-0.034716
0.174004
0.372778
0.524373
0.600645
0.589266
0.496601
0.345700
0.169906
0.003999
-0.124395
-0.200560
-0.224155
-0.206427
-0.164649
-0.115949
-0.072536
-0.039478
-0.015054
0.007120
0.035318
0.077177
0.137810
0.218549
0.316190
0.422763
0.526097
0.611458
0.664276
0.673477
0.634475
0.550786
0.433598
0.299294
0.165672
0.048032
-0.043778
-0.106699
-0.144181
-0.164632
-0.179128
-0.198696
-0.231366
-0.279265
-0.336361
-0.387879
-0.412466
-0.387568
-0.297242
-0.140201
0.065099
0.281243
0.459812
0.555157
0.540007
0.417361
0.223699
0.021071
-0.120468
-0.144892
-0.029401
0.206005
0.502376
0.778368
0.954400
0.976670
0.833344
0.557865
0.218684
-0.101002
-0.326889
-0.413389
-0.354083
-0.180557
0.048968
0.267021
0.414821
0.455912
0.382509
0.214003
-0.010757
-0.244483
-0.442657
-0.572422
-0.617799
-0.580919
-0.479783
-0.343394
-0.205257
-0.096279
-0.038240
-0.039132
-0.091646
-0.175593
-0.264113
-0.332250
-0.365342
-0.364315
-0.345629
-0.335362
-0.359152
-0.431553
-0.548964
-0.689239
-0.818611
-0.903656
-0.923800
-0.879423
-0.792200
-0.697317
-0.630527
-0.615063
-0.653502
-0.727634
-0.806138
-0.856782
-0.858245
-0.807060
-0.717427
-0.614544
-0.524564
-0.465205
-0.440370
-0.440155
-0.445579
-0.435776
-0.395037
-0.317641
-0.209510
-0.086747
0.028239
0.112085
0.146260
0.122179
0.044424
-0.069092
-0.190598
-0.289165
-0.338917
-0.326190
-0.252999
-0.135353
0.003106
0.139741
0.260344
0.362325
0.452467
0.540519
0.631854
0.722874
0.801548
0.852983
0.867376
0.846403
0.804618
0.764728
0.748478
0.767074
0.815511
0.873537
0.913104
0.909247
0.849757
0.739530
0.597749
0.449251
0.313939
0.198932
0.096923
-0.008506
-0.132972
-0.281214
-0.441498
-0.587401
-0.686821
-0.714971
-0.666194
-0.559539
-0.435159
-0.342022
-0.320902
-0.388772
-0.530681
-0.702801
-0.846299
-0.907538
-0.857397
-0.702350
-0.482742
-0.258389
-0.086575
-0.000740
0.001845
-0.041623
-0.074786
-0.045137
0.074334
0.273536
0.508392
0.717405
0.844989
0.862253
0.777133
0.630310
0.479195
0.376889
0.354553
0.413612
0.529592
0.664560
0.781997
0.857832
0.883999
0.864725
0.809015
0.723880
0.611604
0.471655
0.305184
0.118857
-0.074525
-0.259077
-0.420824
-0.551796
-0.650961
-0.721545
-0.766391
-0.784079
-0.768149
-0.710043
-0.604309
-0.453328
-0.268980
-0.070207
0.122556
0.293531
0.435593
0.550485
0.645465
0.728221
0.802404
0.865544
0.909747
0.924265
0.898512
0.824458
0.698186
0.521085
0.301218
0.054655
-0.194282
-0.415286
-0.577583
-0.657887
-0.648280
-0.560589
-0.424629
-0.279809
-0.162560
-0.094154
-0.073826
-0.080190
-0.080561
-0.044386
0.044788
0.183727
0.352279
0.522713
0.670919
0.784104
0.861638
0.909182
0.929768
0.917040
0.854946
0.724854
0.517258
0.242531
-0.064922
-0.352208
-0.562102
-0.650893
-0.603127
-0.437450
-0.201169
0.044482
0.242980
0.358437
0.383646
0.338365
0.259563
0.187961
0.155740
0.179038
0.256458
0.372538
0.503803
0.624929
0.713486
0.752849
0.733701
0.654685
0.522418
0.350686
0.158451
-0.033281
-0.205136
-0.342547
-0.437377
-0.487571
-0.495240
-0.464339
-0.399170
-0.304444
-0.186629
-0.055485
0.075604
0.191315
0.277830
0.326644
0.336856
0.314560
0.269226
0.208554
0.134252
0.041094
-0.079733
-0.234000
-0.417323
-0.611024
-0.783607
-0.898263
-0.924277
-0.848279
-0.680975
-0.456465
-0.223912
-0.034286
0.073357
0.081427
-0.003687
-0.156388
-0.341508
-0.524979
-0.681829
-0.799370
-0.875611
-0.914719
-0.922093
-0.901171
-0.852762
-0.776377
-0.672230
-0.542654
-0.392432
-0.228389
-0.059070
0.104910
0.250008
0.359352
0.414048
0.396900
0.298046
0.120702
-0.115576
-0.376312
-0.618932
-0.803575
-0.904600
-0.918675
-0.866151
-0.784611
-0.716296
-0.693562
-0.727481
-0.803810
-0.888048
-0.938018
-0.919648
-0.820367
-0.655196
-0.463268
-0.295759
-0.199358
-0.200906
-0.298443
-0.461619
-0.641169
-0.784096
-0.849395
-0.819244
-0.702399
-0.529394
-0.341883
-0.180177
-0.073134
-0.033180
-0.057003
-0.130414
-0.234619
-0.351286
-0.464924
-0.562698
-0.633110
-0.665352
-0.650562
-0.584938
-0.473406
-0.331878
-0.186360
-0.068348
-0.007343
-0.022626
-0.116856
-0.273647
-0.460084
-0.633663
-0.751882
-0.782081
-0.709133
-0.539281
-0.299361
-0.031600
0.214845
0.393960
0.472484
0.437046
0.297146
0.083088
-0.160923
-0.387080
-0.555193
-0.641894
-0.645274
-0.583639
-0.488742
-0.395618
-0.332235
-0.312196
-0.332715
-0.378244
-0.428161
-0.465512
-0.483543
-0.487590
-0.491744
-0.511682
-0.556574
-0.623357
-0.695802
-0.749047
-0.758144
-0.707625
-0.598588
-0.450569
-0.297277
-0.177380
-0.123250
-0.151251
-0.256665
-0.414703
-0.587181
-0.732648
-0.816905
-0.820987
-0.744685
-0.605144
-0.431485
-0.257262
-0.112877
-0.019728
0.012824
-0.012619
-0.084186
-0.185059
-0.298114
-0.409626
-0.511101
-0.598931
-0.672317
-0.730576
-0.771165
-0.789518
-0.780909
-0.743559
-0.681366
-0.604619
-0.527753
-0.464634
-0.423208
-0.402012
-0.390539
-0.373852
-0.339811
-0.285738
-0.221204
-0.165088
-0.137596
-0.150491
-0.200036
-0.266391
-0.320550
-0.336480
-0.303405
-0.232639
-0.155287
-0.110968
-0.131683
-0.227424
-0.379718
-0.546298
-0.675472
-0.724753
-0.676486
-0.544389
-0.368688
-0.202058
-0.092045
-0.066686
-0.128175
-0.255893
-0.416333
-0.575187
-0.706793
-0.798123
-0.847309
-0.858958
-0.839391
-0.794051
-0.727634
-0.645751
-0.556271
-0.468961
-0.393325
-0.335820
-0.298120
-0.277564
-0.269677
-0.271474
-0.283682
-0.310567
-0.357314
-0.426197
-0.513546
-0.609158
-0.698635
-0.767670
-0.806345
-0.811474
-0.786015
-0.736035
-0.666934
-0.580958
-0.477390
-0.355389
-0.218009
-0.075187
0.056226
0.156060
0.207026
0.201177
0.143884
0.053348
-0.044622
-0.124966
-0.171842
-0.183947
-0.174422
-0.165057
-0.176688
-0.219297
-0.285690
-0.351537
-0.382319
-0.345136
-0.221338
-0.015333
0.243990
0.510239
0.732923
0.872839
0.914139
0.868812
0.772004
0.669872
0.604314
0.599977
0.657910
0.757679
0.866592
0.952224
0.993510
0.986655
0.944305
0.889049
0.844241
0.825668
0.836742
0.868312
0.902336
0.917645
0.895788
0.825532
0.705420
0.544492
0.361400
0.182075
0.035816
-0.050157
-0.057160
0.018794
0.163064
0.342564
0.511128
0.619553
0.628110
0.518034
0.298360
0.005489
-0.304996
-0.572352
-0.746601
-0.801665
-0.741701
-0.598672
-0.421916
-0.263050
-0.160990
-0.131821
-0.166535
-0.236970
-0.307464
-0.347811
-0.342815
-0.295182
-0.221123
-0.140955
-0.068886
-0.006448
0.057581
0.140746
0.256829
0.406668
0.574230
0.730151
0.841779
0.885874
0.858705
0.779153
0.683109
0.610990
0.593075
0.638345
0.731216
0.837416
0.916642
0.937009
0.885640
0.771533
0.619968
0.461211
0.318433
0.199857
0.098154
-0.003081
-0.119009
-0.254163
-0.398308
-0.529473
-0.622898
-0.661965
-0.646220
-0.592739
-0.529898
-0.485898
-0.476765
-0.498964
-0.529966
-0.536827
-0.489439
-0.373045
-0.194770
0.018615
0.230804
0.409685
0.538844
0.621938
0.678130
0.730752
0.794339
0.866031
0.925378
0.942864
0.893456
0.769170
0.584822
0.374182
0.177856
0.027965
-0.063822
-0.109796
-0.139744
-0.187314
-0.274965
-0.403758
-0.551948
-0.682569
-0.756484
-0.745494
-0.640607
-0.453083
-0.209144
0.058440
0.318135
0.544291
0.718402
0.828550
0.869135
0.842006
0.758336
0.639181
0.512620
0.406806
0.340669
0.315905
0.314273
0.302561
0.244409
0.114996
-0.087180
-0.336544
-0.586790
-0.785357
-0.890602
-0.885034
-0.779534
-0.607187
-0.409634
-0.221839
-0.061539
0.072570
0.193833
0.315564
0.439743
0.551843
0.624282
0.627165
0.541722
0.370616
0.140538
-0.104350
-0.315869
-0.457179
-0.514295
-0.499555
-0.445885
-0.394102
-0.377919
-0.411931
-0.486596
-0.571609
-0.626218
-0.612822
-0.509396
-0.316974
-0.060222
0.218712
0.470891
0.652640
0.735610
0.712385
0.596485
0.417235
0.211193
0.012676
-0.154042
-0.278834
-0.365274
-0.426104
-0.476319
-0.526255
-0.576995
-0.619572
-0.638155
-0.615970
-0.541836
-0.415029
-0.246880
-0.058723
0.122922
0.272254
0.369384
0.403582
0.374217
0.289768
0.165637
0.021364
-0.122449
-0.247434
-0.340709
-0.397469
-0.421896
-0.425499
-0.422723
-0.424925
-0.434930
-0.444731
-0.438077
-0.397705
-0.314774
-0.196449
-0.067740
0.034347
0.073081
0.026358
-0.102687
-0.283654
-0.467057
-0.600117
-0.644200
-0.587066
-0.445050
-0.254565
-0.056802
0.117663
0.257806
0.371212
0.474422
0.579741
0.685161
0.772457
0.814487
0.788331
0.688070
0.531139
0.355123
0.206182
0.123938
0.129023
0.217992
0.366832
0.540585
0.704373
0.831296
0.904964
0.917464
0.865808
0.750132
0.575319
0.355020
0.115029
-0.107388
-0.270003
-0.336855
-0.290422
-0.139839
0.078723
0.310528
0.497272
0.593692
0.580282
0.468039
0.293989
0.109332
-0.035782
-0.106175
-0.090449
-0.002663
0.122979
0.242591
0.315225
0.314339
0.235133
0.095790
-0.067887
-0.213130
-0.303214
-0.318867
-0.264358
-0.165969
-0.063082
0.005288
0.013924
-0.039930
-0.135737
-0.236874
-0.303135
-0.303930
-0.227557
-0.083669
0.101264
0.293113
0.460190
0.580806
0.646333
0.659809
0.631664
0.574747
0.500430
0.416611
0.327515
0.234691
0.138575
0.040201
-0.057258
-0.147496
-0.221181
-0.267616
-0.277960
-0.249114
-0.186700
-0.105371
-0.025484
0.033282
0.059157
0.053236
0.029581
0.009703
0.013240
0.048588
0.107706
0.167747
0.199283
0.177847
0.093885
-0.043257
-0.209071
-0.373587
-0.512576
-0.615140
-0.684377
-0.731227
-0.764976
-0.785554
-0.781877
-0.737442
-0.640649
-0.494668
-0.321598
-0.158081
-0.043544
-0.005796
-0.050212
-0.157375
-0.290411
-0.409018
-0.484232
-0.507744
-0.492014
-0.461555
-0.439622
-0.436411
-0.444091
-0.440823
-0.401925
-0.313237
-0.180774
-0.032376
0.089722
0.142762
0.098754
-0.044373
-0.259679
-0.497221
-0.697179
-0.805943
-0.790424
-0.646638
-0.400568
-0.101469
0.190264
0.417417
0.538891
0.538273
0.426206
0.236285
0.015750
-0.186533
-0.331670
-0.398996
-0.389046
-0.320792
-0.224304
-0.131231
-0.065923
-0.039636
-0.049119
-0.079473
-0.109909
-0.120381
-0.097050
-0.035247
0.060478
0.178621
0.304158
0.421855
0.518571
0.584246
0.611959
0.597766
0.540991
0.445256
0.319818
0.180300
0.047742
-0.054731
-0.107345
-0.099904
-0.036657
0.062419
0.165260
0.236010
0.245833
0.182808
0.057326
-0.099371
-0.243563
-0.331846
-0.334123
-0.242317
-0.071852
0.144414
0.367260
0.562861
0.710884
0.806312
0.855181
0.867006
0.847950
0.798161
0.714482
0.596923
0.455212
0.311366
0.195911
0.138300
0.155055
0.240732
0.366179
0.485859
0.552273
0.532345
0.419445
0.236100
0.025977
-0.162041
-0.291617
-0.351663
-0.359040
-0.350282
-0.365794
-0.432912
-0.554624
-0.708301
-0.854648
-0.952960
-0.976318
-0.920690
-0.804635
-0.660409
-0.520778
-0.407378
-0.325437
-0.266568
-0.217644
-0.171124
-0.131682
-0.115883
-0.144892
-0.233457
-0.380122
-0.563161
-0.744310
-0.879122
-0.930119
-0.877918
-0.726516
-0.501289
-0.241013
0.012879
0.226204
0.378373
0.464284
0.492433
0.480834
0.452285
0.429917
0.433213
0.474460
0.555814
0.667630
0.789047
0.891504
0.945057
0.926229
0.825233
0.650254
0.427192
0.194549
-0.005326
-0.136336
-0.177431
-0.127858
-0.007631
0.146831
0.290839
0.381493
0.387414
0.295902
0.115746
-0.125185
-0.387139
-0.628634
-0.816712
-0.934178
-0.981501
-0.972907
-0.928232
-0.863852
-0.786402
-0.691867
-0.570354
-0.414307
-0.226257
-0.022285
0.170849
0.324064
0.416378
0.442805
0.416060
0.361049
0.304318
0.262971
0.237924
0.214520
0.170307
0.086587
-0.041372
-0.200044
-0.361283
-0.492492
-0.569062
-0.583909
-0.550170
-0.496042
-0.454011
-0.448905
-0.489501
-0.566685
-0.658399
-0.738819
-0.787780
-0.796718
-0.769201
-0.716549
-0.651049
-0.580004
-0.503148
-0.414212
-0.305515
-0.173124
-0.020142
0.143333
0.303328
0.446476
0.563575
0.650459
0.705876
0.727716
0.709928
0.642416
0.514894
0.323689
0.078739
-0.192708
-0.448374
-0.639749
-0.725252
-0.683471
-0.521609
-0.275531
-0.000693
0.243524
0.411017
0.481966
0.467319
0.403410
0.338774
0.317773
0.366477
0.485116
0.649001
0.816908
0.943790
0.993697
0.949304
0.815762
0.618448
0.395678
0.188588
0.030821
-0.059401
-0.082817
-0.057294
-0.011059
0.027114
0.037721
0.017016
-0.022246
-0.056269
-0.060001
-0.017474
0.071462
0.190867
0.315065
0.418922
0.487495
0.520772
0.531365
0.536379
0.547448
0.563947
0.572906
0.555962
0.500094
0.406887
0.295439
0.196982
0.143151
0.153094
0.225360
0.338437
0.459888
0.559969
0.623488
0.654468
0.671534
0.696378
0.740887
0.799189
0.848550
0.858870
0.806505
0.686133
0.515316
0.329689
0.170961
0.072879
0.050949
0.099720
0.197903
0.318297
0.437830
0.543638
0.633435
0.711280
0.781662
0.845130
0.897242
0.930663
0.938651
0.917807
0.868837
0.795508
0.703028
0.597282
0.485425
0.377175
0.285266
0.223771
0.204173
0.230583
0.296495
0.385180
0.474340
0.543503
0.581073
0.587711
0.574205
0.554525
0.537177
0.519073
0.485281
0.415400
0.294188
0.121804
-0.081218
-0.277125
-0.421702
-0.478740
-0.432578
-0.293754
-0.095555
0.116974
0.301057
0.427737
0.486858
0.484533
0.435429
0.354290
0.250909
0.130632
-0.000670
-0.130672
-0.237906
-0.294968
-0.277294
-0.174181
0.002934
0.219226
0.423922
0.564478
0.602663
0.526731
0.355254
0.131338
-0.090527
-0.260200
-0.344913
-0.335759
-0.246508
-0.106409
0.049759
0.190858
0.295416
0.353752
0.366843
0.343272
0.295507
0.236371
0.176158
0.120761
0.071220
0.024990
-0.021242
-0.068110
-0.111074
-0.140498
-0.144995
-0.117239
-0.059803
0.012041
0.072844
0.094942
0.059266
-0.035454
-0.169567
-0.307769
-0.411474
-0.453623
-0.429639
-0.359491
-0.279427
-0.226564
-0.222896
-0.265838
-0.329708
-0.377693
-0.379007
-0.323415
-0.226356
-0.122065
-0.047681
-0.025541
-0.051915
-0.097633
-0.120732
-0.085749
0.018848
0.172915
0.330268
0.435624
0.445939
0.347508
0.162064
-0.060151
-0.257177
-0.375136
-0.383698
-0.282230
-0.095812
0.135837
0.371383
0.578045
0.736253
0.838943
0.887667
0.888304
0.848348
0.776278
0.682194
0.578473
0.479442
0.399870
0.352702
0.346664
0.384254
0.460357
0.561736
0.667837
0.753538
0.794240
0.772786
0.686493
0.551542
0.402005
0.282205
0.233589
0.280069
0.417236
0.610322
0.802956
0.934600
0.960829
0.868925
0.682627
0.453849
0.244307
0.104024
0.054978
0.085978
0.160242
0.232003
0.264959
0.245073
0.183007
0.106171
0.044729
0.018130
0.027962
0.059661
0.091492
0.106124
0.099340
0.082186
0.076040
0.103273
0.177774
0.299206
0.452758
0.613645
0.753800
0.847974
0.877562
0.832151
0.709954
0.518413
0.275205
0.008607
-0.244574
-0.444761
-0.558658
-0.569126
-0.482167
-0.327585
-0.151973
-0.005617
0.072396
0.065555
-0.016409
-0.142874
-0.274493
-0.377397
-0.434071
-0.447108
-0.435129
-0.423221
-0.432222
-0.471059
-0.534686
-0.607522
-0.670163
-0.706263
-0.707014
-0.672277
-0.609017
-0.528603
-0.444429
-0.370390
-0.319772
-0.303695
-0.328627
-0.393493
-0.487824
-0.592526
-0.684126
-0.741708
-0.754246
-0.725316
-0.672762
-0.622774
-0.600168
-0.618470
-0.673813
-0.745351
-0.802384
-0.815609
-0.768195
-0.662273
-0.518230
-0.367016
-0.238468
-0.150223
-0.101512
-0.074206
-0.040570
0.025402
0.137493
0.291612
0.467009
0.633674
0.762980
0.837472
0.856296
0.834478
0.796708
0.768192
0.766071
0.794402
0.844199
0.898013
0.936956
0.947343
0.924580
0.873143
0.803145
0.725192
0.645794
0.565186
0.478308
0.378427
0.261790
0.131312
-0.002326
-0.122853
-0.213267
-0.261789
-0.266801
-0.238867
-0.198873
-0.172546
-0.182910
-0.243051
-0.351577
-0.492443
-0.639383
-0.763625
-0.842386
-0.865272
-0.836382
-0.771446
-0.691134
-0.613169
-0.546256
-0.488184
-0.428716
-0.355923
-0.263202
-0.153943
-0.041817
0.053461
0.113119
0.126183
0.093452
0.027188
-0.053015
-0.126172
-0.175187
-0.189649
-0.165838
-0.105060
-0.012069
0.105168
0.234390
0.358070
0.454439
0.501716
0.484954
0.402995
0.272079
0.123363
-0.006097
-0.086297
-0.106254
-0.079750
-0.041577
-0.034803
-0.093483
-0.227570
-0.416368
-0.613657
-0.762955
-0.817143
-0.754797
-0.586834
-0.351112
-0.097534
0.129997
0.307377
0.434646
0.529963
0.616804
0.710669
0.811387
0.904135
0.968078
0.987943
0.962647
0.906632
0.843148
0.792730
0.762404
0.741031
0.703382
0.621575
0.479041
0.280843
0.055589
-0.152297
-0.297163
-0.347835
-0.298310
-0.169332
-0.000535
0.163486
0.287597
0.355661
0.372134
0.356117
0.331190
0.315671
0.317193
0.333106
0.355445
0.377263
0.396838
0.417660
0.444437
0.477472
0.508689
0.521853
0.497555
0.421162
0.290369
0.118865
-0.065887
-0.230341
-0.345293
-0.395098
-0.382153
-0.324992
-0.250838
-0.185609
-0.145205
-0.131232
-0.132417
-0.130655
-0.109003
-0.058364
0.019481
0.113192
0.206440
0.283504
0.333619
0.352686
0.342305
0.307250
0.252971
0.184371
0.106177
0.024256
-0.053315
-0.116526
-0.155413
-0.163192
-0.139281
-0.090857
-0.032031
0.019308
0.046094
0.036649
-0.012204
-0.094402
-0.196388
-0.300748
-0.390695
-0.454252
-0.487228
-0.494329
-0.488157
-0.486099
-0.505528
-0.558167
-0.644934
-0.752923
-0.856004
-0.919838
-0.910784
-0.806626
-0.605929
-0.332570
-0.033045
0.233701
0.411591
0.463159
0.381113
