-0.261243
-0.494702
-0.700218
-0.850335
-0.923669
-0.908118
-0.803157
-0.620596
-0.383209
-0.120977
0.134591
0.356720
0.528367
0.644198
0.708685
0.730938
0.718285
0.671385
0.583279
0.443262
0.244341
-0.008742
-0.294723
-0.577108
-0.812170
-0.961471
-1.004540
-0.946781
-0.819079
-0.668524
-0.543082
-0.475517
-0.472429
-0.512521
-0.554940
-0.554756
-0.480000
-0.324103
-0.109236
0.120583
0.314111
0.430007
0.450540
0.387304
0.277283
0.170913
0.116267
0.144501
0.260854
0.443479
0.649812
0.828103
0.930625
0.925091
0.801804
0.575390
0.281336
-0.031482
-0.310570
-0.509964
-0.598948
-0.567746
-0.429060
-0.215008
0.030043
0.259295
0.433697
0.529972
0.544394
0.491376
0.397457
0.292659
0.201993
0.139730
0.108011
0.099801
0.104650
0.114812
0.129278
0.154228
0.199832
0.274780
0.380764
0.509193
0.641546
0.753544
0.821888
0.831463
0.780638
0.682856
0.563766
0.454511
0.382936
0.365228
0.400525
0.470277
0.542901
0.582608
0.559939
0.460763
0.290811
0.074071
-0.154591
-0.360171
-0.517915
-0.619577
-0.673256
-0.696908
-0.708168
-0.714743
-0.709561
-0.673068
-0.582154
-0.422328
-0.198152
0.062661
0.313763
0.502238
0.584098
0.537683
0.370124
0.114715
-0.179542
-0.462140
-0.693812
-0.853653
-0.939030
-0.959635
-0.929161
-0.858461
-0.752792
-0.613459
-0.442119
-0.244964
-0.034457
0.172152
0.356611
0.503686
0.603525
0.651562
0.646721
0.589598
0.482322
0.330611
0.146980
-0.047099
-0.222291
-0.346709
-0.394317
-0.353474
-0.231998
-0.056071
0.137323
0.312007
0.443910
0.527548
0.574949
0.607406
0.643468
0.688413
0.729882
0.741992
0.696543
0.576838
0.388230
0.160564
-0.059172
-0.221707
-0.292438
-0.263946
-0.159100
-0.023304
0.091417
0.144667
0.121557
0.037236
-0.069353
-0.149870
-0.163649
-0.091237
0.060108
0.260260
0.467167
0.640353
0.752009
0.792244
0.767724
0.695508
0.595362
0.483772
0.371363
0.263616
0.163204
0.071987
-0.008610
-0.078671
-0.141016
-0.200976
-0.263897
-0.330991
-0.395464
-0.441299
-0.446238
-0.388714
-0.256511
-0.053703
0.197326
0.460276
0.694677
0.867654
0.963357
0.986449
0.958357
0.907803
0.859431
0.825004
0.800558
0.770300
0.715408
0.623807
0.496853
0.350194
0.208553
0.096711
0.030354
0.010422
0.023083
0.045141
0.052641
0.029331
-0.028092
-0.109629
-0.196233
-0.266766
-0.304925
-0.303701
-0.266133
-0.202592
-0.126137
-0.047962
0.025324
0.091844
0.152434
0.207782
0.256275
0.293647
0.314594
0.315535
0.297112
0.265074
0.228916
0.198663
0.181092
0.176990
0.180691
0.182146
0.170690
0.138989
0.085575
0.015145
-0.063216
-0.138793
-0.201633
-0.243687
-0.258733
-0.241961
-0.190367
-0.104540
0.008658
0.134080
0.248825
0.326426
0.344171
0.291223
0.174196
0.017271
-0.144147
-0.274547
-0.350213
-0.367185
-0.341802
-0.303272
-0.281029
-0.291951
-0.332764
-0.380840
-0.403193
-0.370024
-0.267336
-0.103585
0.092099
0.279141
0.418327
0.483213
0.466205
0.377863
0.240842
0.081657
-0.076245
-0.216000
-0.327229
-0.403875
-0.442064
-0.439507
-0.396693
-0.318829
-0.217016
-0.107485
-0.008752
0.062436
0.094916
0.085408
0.038712
-0.033947
-0.117646
-0.196696
-0.257196
-0.288965
-0.286833
-0.251218
-0.187810
-0.106179
-0.017442
0.068515
0.145338
0.211182
0.267980
0.319371
0.368293
0.415422
0.459154
0.496968
0.527190
0.549950
0.566556
0.577561
0.580747
0.570551
0.539915
0.484202
0.405532
0.315201
0.232428
0.179199
0.172899
0.219665
0.311407
0.428007
0.544010
0.637175
0.695456
0.719730
0.721477
0.716773
0.719327
0.735325
0.761706
0.787765
0.798751
0.779704
0.718473
0.607798
0.447030
0.243870
0.015742
-0.210490
-0.401882
-0.526286
-0.561428
-0.503146
-0.369155
-0.195846
-0.028221
0.093960
0.148756
0.138463
0.087305
0.031427
0.005416
0.030846
0.111188
0.234263
0.379959
0.528729
0.666611
0.784862
0.875557
0.926928
0.922401
0.845279
0.687587
0.458825
0.189576
-0.073211
-0.278791
-0.388753
-0.390456
-0.302204
-0.167888
-0.043012
0.022579
-0.000979
-0.116826
-0.303444
-0.523333
-0.734104
-0.897981
-0.987516
-0.987671
-0.895982
-0.722448
-0.489624
-0.231861
0.008072
0.186010
0.266217
0.231236
0.088042
-0.132393
-0.382642
-0.611178
-0.775243
-0.849800
-0.829935
-0.726902
-0.560625
-0.352529
-0.121707
0.114737
0.338841
0.529459
0.663103
0.718762
0.685065
0.566492
0.385288
0.177330
-0.017197
-0.165147
-0.249588
-0.273367
-0.255821
-0.224032
-0.202063
-0.202215
-0.221413
-0.243760
-0.248039
-0.217200
-0.146322
-0.046163
0.059001
0.138640
0.165999
0.127588
0.028834
-0.106295
-0.242017
-0.341980
-0.381447
-0.356190
-0.284717
-0.202603
-0.150560
-0.160372
-0.243789
-0.388599
-0.563338
-0.728717
-0.851099
-0.912615
-0.914006
-0.869578
-0.797235
-0.708713
-0.604969
-0.479029
-0.324835
-0.147362
0.031712
0.176741
0.249287
0.223588
0.099597
-0.092716
-0.300715
-0.466090
-0.545214
-0.524797
-0.426549
-0.298888
-0.199019
-0.172485
-0.237996
-0.382879
-0.569844
-0.751276
-0.884658
-0.943193
-0.918633
-0.817220
-0.652630
-0.440471
-0.197074
0.057769
0.297293
0.487491
0.592589
0.585574
0.459800
0.236130
-0.038813
-0.304276
-0.503498
-0.601710
-0.596844
-0.518388
-0.414525
-0.332534
-0.300288
-0.316266
-0.351932
-0.365186
-0.319000
-0.197376
-0.012116
0.202011
0.401164
0.549156
0.629917
0.650870
0.636546
0.615979
0.609869
0.623038
0.644929
0.657032
0.643101
0.597086
0.525239
0.441884
0.361439
0.290908
0.226610
0.156628
0.067672
-0.047046
-0.182627
-0.322311
-0.442222
-0.518861
-0.536181
-0.489729
-0.386872
-0.243909
-0.081798
0.077876
0.215963
0.318086
0.376830
0.393863
0.381148
0.359738
0.355033
0.388771
0.469976
0.588458
0.714377
0.805451
0.820315
0.733560
0.546634
0.289813
0.013746
-0.226785
-0.390930
-0.464805
-0.464543
-0.428389
-0.401215
-0.417647
-0.490226
-0.606596
-0.735879
-0.840843
-0.890696
-0.869834
-0.780267
-0.638248
-0.467737
-0.293819
-0.138101
-0.016531
0.061346
0.092908
0.083255
0.045668
0.000414
-0.029058
-0.022245
0.031801
0.130089
0.255833
0.383790
0.489184
0.556873
0.587007
0.594650
0.603313
0.634836
0.699656
0.791444
0.888320
0.960310
0.980230
0.933936
0.826086
0.679352
0.527334
0.403715
0.331429
0.315564
0.342399
0.384898
0.412776
0.403614
0.351094
0.267215
0.177432
0.110217
0.084828
0.102095
0.142342
0.172076
0.157608
0.080697
-0.050216
-0.198498
-0.309472
-0.329502
-0.227333
-0.009383
0.277587
0.558512
0.753149
0.802196
0.686816
0.434388
0.108474
-0.212945
-0.462574
-0.602981
-0.633360
-0.582661
-0.493264
-0.402659
-0.330600
-0.276057
-0.223711
-0.155684
-0.062539
0.051352
0.169759
0.271985
0.341509
0.371593
0.365543
0.332191
0.279523
0.210043
0.120322
0.004819
-0.138188
-0.301817
-0.469614
-0.619145
-0.728704
-0.784134
-0.782795
-0.732994
-0.649365
-0.546412
-0.433201
-0.311486
-0.177927
-0.029140
0.132888
0.297607
0.446487
0.557320
0.610635
0.595845
0.514894
0.382229
0.221219
0.058281
-0.083405
-0.188897
-0.254063
-0.285383
-0.297318
-0.307989
-0.334065
-0.385835
-0.463435
-0.555164
-0.638700
-0.685487
-0.667851
-0.567378
-0.382275
-0.131180
0.148494
0.408154
0.600035
0.690335
0.669339
0.554893
0.387600
0.218792
0.095010
0.044070
0.067477
0.141733
0.227932
0.286029
0.288503
0.228521
0.119955
-0.010161
-0.133232
-0.229873
-0.295565
-0.339279
-0.376207
-0.418163
-0.466077
-0.507918
-0.522928
-0.490297
-0.398522
-0.251471
-0.068616
0.120670
0.286451
0.407550
0.477347
0.504109
0.506102
0.503689
0.511635
0.534478
0.566471
0.595739
0.610676
0.605898
0.585273
0.560806
0.547773
0.557941
0.593587
0.644816
0.691576
0.710053
0.681341
0.599195
0.473715
0.329080
0.195631
0.098955
0.050049
0.040629
0.045898
0.034155
-0.020240
-0.125753
-0.269202
-0.420212
-0.543180
-0.612006
-0.621336
-0.589185
-0.549340
-0.536238
-0.568587
-0.638813
-0.713354
-0.744435
-0.689052
-0.527777
-0.275727
0.018916
0.288596
0.467291
0.510960
0.410352
0.192240
-0.090329
-0.374269
-0.602994
-0.738004
-0.763077
-0.681890
-0.512064
-0.278984
-0.011428
0.260915
0.509399
0.709311
0.844076
0.909510
0.915877
0.885787
0.847577
0.825978
0.833490
0.866009
0.904764
0.924040
0.901762
0.828731
0.712935
0.577357
0.452424
0.366196
0.336065
0.364720
0.441191
0.545782
0.656451
0.754256
0.826393
0.866721
0.874646
0.853553
0.809567
0.750784
0.686603
0.626732
0.579762
0.551603
0.544340
0.555895
0.580580
0.610244
0.635656
0.647941
0.640136
0.609008
0.556935
0.493172
0.433410
0.396716
0.399850
0.450297
0.540608
0.646889
0.733270
0.761998
0.706225
0.560928
0.347347
0.108461
-0.103704
-0.244715
-0.292311
-0.253413
-0.160871
-0.061210
0.001894
0.002176
-0.061771
-0.168287
-0.281997
-0.366391
-0.394593
-0.354846
-0.250049
-0.093375
0.096750
0.299628
0.492562
0.649952
0.743891
0.748368
0.647029
0.441969
0.159408
-0.151622
-0.429056
-0.614081
-0.668872
-0.589403
-0.408211
-0.185412
0.009435
0.118522
0.112775
-0.001129
-0.185715
-0.387244
-0.554042
-0.651837
-0.670869
-0.623171
-0.532279
-0.420560
-0.299803
-0.168920
-0.019240
0.155588
0.350081
0.542629
0.698965
0.782477
0.767419
0.649637
0.450277
0.210699
-0.019711
-0.198387
-0.301686
-0.330098
-0.305216
-0.260297
-0.228387
-0.232474
-0.280709
-0.367358
-0.477878
-0.595269
-0.705065
-0.797666
-0.868253
-0.915560
-0.940823
-0.947349
-0.940287
-0.925606
-0.907825
-0.886999
-0.856620
-0.804261
-0.715904
-0.583066
-0.409997
-0.217379
-0.039779
0.083537
0.121834
0.065356
-0.068169
-0.236228
-0.383212
-0.457255
-0.426186
-0.286823
-0.064400
0.197164
0.450007
0.656315
0.796599
0.870149
0.888953
0.868894
0.822617
0.756935
0.675066
0.581426
0.485609
0.402851
0.350304
0.340795
0.377156
0.450087
0.540826
0.627601
0.692978
0.728790
0.736445
0.722660
0.692898
0.645955
0.572690
0.460013
0.298663
0.091366
-0.142571
-0.368939
-0.546755
-0.640281
-0.630555
-0.522061
-0.341865
-0.131476
0.065555
0.215698
0.302884
0.329069
0.308546
0.259112
0.194217
0.119392
0.034008
-0.063250
-0.168554
-0.270206
-0.350852
-0.393866
-0.390909
-0.346824
-0.279079
-0.211506
-0.164820
-0.148126
-0.155374
-0.168580
-0.166550
-0.135289
-0.075411
-0.003189
0.055226
0.073859
0.036780
-0.056332
-0.190972
-0.343930
-0.491477
-0.615775
-0.707046
-0.761605
-0.778097
-0.755053
-0.691824
-0.592504
-0.470190
-0.348048
-0.254880
-0.215658
-0.240568
-0.317630
-0.413173
-0.481352
-0.479829
-0.385725
-0.205334
0.026589
0.257914
0.436255
0.525402
0.514897
0.419748
0.271577
0.105829
-0.049262
-0.177980
-0.275962
-0.345083
-0.388371
-0.408132
-0.407887
-0.395995
-0.387378
-0.400663
-0.450650
-0.539155
-0.649026
-0.745505
-0.786089
-0.735993
-0.583158
-0.346163
-0.070830
0.184086
0.367035
0.451777
0.446149
0.387881
0.329114
0.315848
0.370555
0.484651
0.623334
0.740189
0.795171
0.768661
0.666390
0.514217
0.345951
0.189970
0.060252
-0.045076
-0.138150
-0.232283
-0.334022
-0.439939
-0.539162
-0.619770
-0.675495
-0.709277
-0.731936
-0.756714
-0.792417
-0.838480
-0.884293
-0.913068
-0.908532
-0.861450
-0.773328
-0.655955
-0.527338
-0.406049
-0.306350
-0.235812
-0.195758
-0.183546
-0.195064
-0.226072
-0.271930
-0.326293
-0.379989
-0.421191
-0.437301
-0.418039
-0.358590
-0.261567
-0.136999
-0.000366
0.130689
0.239970
0.315771
0.352800
0.352782
0.323726
0.277954
0.229042
0.188103
0.160213
0.142162
0.122698
0.085897
0.017225
-0.089393
-0.226009
-0.369104
-0.483449
-0.530937
-0.482015
-0.326081
-0.077282
0.226548
0.531839
0.781941
0.930819
0.953919
0.853336
0.656181
0.407008
0.156536
-0.050349
-0.184440
-0.237690
-0.223169
-0.169568
-0.111624
-0.078955
-0.086511
-0.129713
-0.186254
-0.224460
-0.215790
-0.147152
-0.028298
0.109087
0.221016
0.266554
0.223295
0.096882
-0.079538
-0.256222
-0.384246
-0.432820
-0.399774
-0.311118
-0.209966
-0.139341
-0.125817
-0.170410
-0.250040
-0.328475
-0.371889
-0.362534
-0.305154
-0.224038
-0.152502
-0.119528
-0.139002
-0.205527
-0.297787
-0.387390
-0.449243
-0.469429
-0.448072
-0.396961
-0.333699
-0.275092
-0.232169
-0.208083
-0.198755
-0.195190
-0.186201
-0.160707
-0.109426
-0.026202
0.090692
0.237368
0.403693
0.573899
0.728846
0.849743
0.922430
0.940887
0.908709
0.837890
0.745222
0.647472
0.556948
0.478944
0.411813
0.349444
0.285045
0.214741
0.139634
0.065674
0.001560
-0.044411
-0.067302
-0.067287
-0.049710
-0.023630
0.000506
0.013326
0.008540
-0.015760
-0.056519
-0.105811
-0.151665
-0.179749
-0.175977
-0.129747
-0.037082
0.097388
0.260574
0.433589
0.596388
0.732938
0.835075
0.903533
0.945712
0.971042
0.985877
0.990076
0.976711
0.934999
0.855184
0.733268
0.573682
0.388949
0.196748
0.015748
-0.138164
-0.254189
-0.327367
-0.358401
-0.353371
-0.323580
-0.285055
-0.256708
-0.256506
-0.296023
-0.374993
-0.478286
-0.577354
-0.636702
-0.623877
-0.519713
-0.325128
-0.061900
0.232904
0.516676
0.751561
0.911802
0.986267
0.976571
0.893035
0.751041
0.569414
0.370544
0.180472
0.026902
-0.065724
-0.082918
-0.025716
0.087999
0.228150
0.362066
0.465470
0.530177
0.564874
0.588370
0.618113
0.659222
0.699323
0.712035
0.668120
0.549715
0.361422
0.133161
-0.086982
-0.247547
-0.310621
-0.264601
-0.128236
0.055150
0.230771
0.348018
0.373560
0.298407
0.137932
-0.073901
-0.293590
-0.477888
-0.592450
-0.618283
-0.555354
-0.422840
-0.255507
-0.096237
0.014295
0.048480
-0.000031
-0.113857
-0.256659
-0.384296
-0.458952
-0.461434
-0.397172
-0.293639
-0.190095
-0.123537
-0.116183
-0.169166
-0.264585
-0.374637
-0.473745
-0.548522
-0.601443
-0.646951
-0.701965
-0.775216
-0.860298
-0.935754
-0.972421
-0.945090
-0.843543
-0.678134
-0.477290
-0.277671
-0.110931
0.007412
0.082226
0.134157
0.187998
0.258978
0.343078
0.415968
0.441627
0.387475
0.239805
0.012769
-0.253453
-0.505286
-0.694546
-0.795874
-0.815498
-0.787320
-0.757512
-0.763678
-0.817191
-0.896367
-0.953849
-0.935885
-0.806084
-0.564071
-0.251172
0.059934
0.288401
0.372968
0.294032
0.081746
-0.193087
-0.442217
-0.589079
-0.593607
-0.464212
-0.253155
-0.037443
0.107603
0.132781
0.029218
-0.171842
-0.412641
-0.630267
-0.777802
-0.837877
-0.824509
-0.773549
-0.726199
-0.712283
-0.739593
-0.792926
-0.842517
-0.857936
-0.821614
-0.736521
-0.625095
-0.520042
-0.450862
-0.431521
-0.454121
-0.490944
-0.504052
-0.458773
-0.336192
-0.140411
0.101568
0.346765
0.547276
0.661853
0.664891
0.551097
0.335655
0.050832
-0.259763
-0.548218
-0.770012
-0.891771
-0.898114
-0.796052
-0.615246
-0.402907
-0.213583
-0.095879
-0.079696
-0.168050
-0.336465
-0.540591
-0.729872
-0.862824
-0.918777
-0.902138
-0.837942
-0.760676
-0.700772
-0.673972
-0.677409
-0.693553
-0.699974
-0.680657
-0.634053
-0.574479
-0.526287
-0.513131
-0.546736
-0.619796
-0.706069
-0.767934
-0.768810
-0.685912
-0.518652
-0.289569
-0.037379
0.195346
0.375488
0.488930
0.543020
0.561217
0.572056
0.596625
0.639373
0.685835
0.708372
0.678030
0.578178
0.414658
0.218135
0.036950
-0.077755
-0.089843
0.007430
0.186082
0.389908
0.551471
0.614303
0.552732
0.382118
0.155341
-0.053852
-0.175247
-0.165985
-0.025447
0.203991
0.450540
0.635973
0.699888
0.617032
0.402378
0.103396
-0.216516
-0.496807
-0.694271
-0.789416
-0.784559
-0.696629
-0.548917
-0.365185
-0.167233
0.025197
0.194462
0.326704
0.415186
0.463442
0.485707
0.503039
0.535669
0.594410
0.675059
0.758872
0.819670
0.835016
0.796747
0.716093
0.620739
0.544782
0.515649
0.543556
0.617966
0.712446
0.795665
0.843665
0.848219
0.818054
0.773061
0.734641
0.716786
0.721742
0.741563
0.764047
0.779550
0.785095
0.783809
0.780289
0.774572
0.758140
0.714469
0.624417
0.474557
0.264982
0.013234
-0.247652
-0.476822
-0.636735
-0.704262
-0.678208
-0.580761
-0.452142
-0.339715
-0.284422
-0.308327
-0.407009
-0.549391
-0.685643
-0.761351
-0.733983
-0.586592
-0.334131
-0.019942
0.296795
0.558623
0.726406
0.789188
0.763982
0.685992
0.593453
0.513305
0.453371
0.403812
0.346553
0.267882
0.168162
0.063931
-0.018708
-0.056467
-0.041234
0.013538
0.075898
0.107221
0.078094
-0.018423
-0.162012
-0.311221
-0.418392
-0.447566
-0.388243
-0.259461
-0.102617
0.034082
0.113275
0.121305
0.071390
-0.003731
-0.066313
-0.089165
-0.065945
-0.012243
0.042639
0.069492
0.052740
-0.001865
-0.068459
-0.110593
-0.095187
-0.005382
0.152570
0.350770
0.548546
0.705130
0.791380
0.796664
0.729220
0.610952
0.469471
0.330631
0.213884
0.131028
0.087309
0.083134
0.114973
0.175167
0.251490
0.327817
0.386812
0.414418
0.404665
0.362713
0.304433
0.252101
0.227401
0.244155
0.303405
0.392646
0.489441
0.568082
0.606955
0.594275
0.530620
0.427909
0.305587
0.185344
0.085847
0.018608
-0.014286
-0.020246
-0.014053
-0.013901
-0.036393
-0.091739
-0.180540
-0.293323
-0.413142
-0.520492
-0.598830
-0.638684
-0.638901
-0.604804
-0.544453
-0.465026
-0.371185
-0.266185
-0.154911
-0.046841
0.043233
0.097825
0.102102
0.049724
-0.053627
-0.190977
-0.339102
-0.475874
-0.586701
-0.667222
-0.721174
-0.754739
-0.770406
-0.763686
-0.724573
-0.643224
-0.517061
-0.355566
-0.179986
-0.017474
0.108095
0.184725
0.216513
0.221608
0.224772
0.247786
0.301720
0.384041
0.481190
0.574793
0.648245
0.690711
0.697254
0.665989
0.594772
0.479937
0.318360
0.111978
-0.127727
-0.378162
-0.608747
-0.788275
-0.893926
-0.918301
-0.871389
-0.776386
-0.660867
-0.546757
-0.443100
-0.344469
-0.235558
-0.099967
0.070411
0.269167
0.474737
0.655554
0.778993
0.820874
0.772250
0.641469
0.451319
0.232769
0.017751
-0.166654
-0.301271
-0.375096
-0.383911
-0.328809
-0.215851
-0.057104
0.127823
0.311300
0.459794
0.539248
0.523011
0.400280
0.182260
-0.096548
-0.383296
-0.617515
-0.745234
-0.732829
-0.576710
-0.305849
0.023938
0.342845
0.583930
0.699663
0.673808
0.525416
0.303684
0.074901
-0.095148
-0.158564
-0.097633
0.071487
0.304819
0.544530
0.736512
0.846036
0.866506
0.818676
0.740871
0.673966
0.646561
0.665652
0.715804
0.766589
0.784955
0.747504
0.648078
0.498265
0.321436
0.143415
-0.016135
-0.148376
-0.254894
-0.343432
-0.422388
-0.496708
-0.566557
-0.628469
-0.677453
-0.708471
-0.716534
-0.696060
-0.640867
-0.546004
-0.411425
-0.246002
-0.069512
0.089393
0.199608
0.236603
0.190700
0.071123
-0.096131
-0.275980
-0.434514
-0.547760
-0.605718
-0.610701
-0.571689
-0.498105
-0.396342
-0.270603
-0.127019
0.021953
0.156198
0.251552
0.287541
0.256073
0.166914
0.046908
-0.067453
-0.141526
-0.153561
-0.100951
0.000640
0.124480
0.242954
0.336355
0.396934
0.427311
0.434959
0.426122
0.402357
0.361284
0.300772
0.224055
0.142788
0.076108
0.045687
0.068631
0.151025
0.284609
0.447765
0.610324
0.740505
0.811894
0.808778
0.729005
0.584238
0.397929
0.201349
0.028032
-0.092789
-0.142693
-0.118950
-0.035996
0.077657
0.186937
0.260327
0.279460
0.244736
0.174641
0.098552
0.045359
0.031970
0.056107
0.096310
0.119429
0.092933
-0.002546
-0.165211
-0.371714
-0.584518
-0.764167
-0.881747
-0.926878
-0.908504
-0.848665
-0.772303
-0.697572
-0.630637
-0.566813
-0.496906
-0.415274
-0.325415
-0.240062
-0.175509
-0.142742
-0.139723
-0.148951
-0.142145
-0.090654
0.022639
0.195126
0.403851
0.613044
0.786792
0.901370
0.951834
0.950051
0.915280
0.861984
0.791008
0.688702
0.534913
0.316299
0.038589
-0.268605
-0.557709
-0.778300
-0.895498
-0.903784
-0.829979
-0.723534
-0.637667
-0.608850
-0.643004
-0.713954
-0.774718
-0.776956
-0.690764
-0.517164
-0.288800
-0.059127
0.115349
0.193076
0.159654
0.030857
-0.153347
-0.340774
-0.480845
-0.536433
-0.491409
-0.353048
-0.149625
0.075961
0.275373
0.405331
0.437357
0.364436
0.202432
-0.014592
-0.244153
-0.447227
-0.598214
-0.689531
-0.729415
-0.734377
-0.719952
-0.694064
-0.655891
-0.600343
-0.525388
-0.437978
-0.354990
-0.298150
-0.285121
-0.321114
-0.395470
-0.485370
-0.565371
-0.618398
-0.642874
-0.652281
-0.667039
-0.702414
-0.758353
-0.816531
-0.846691
-0.819969
-0.723415
-0.569001
-0.392606
-0.242769
-0.163537
-0.178411
-0.281970
-0.442495
-0.614252
-0.754131
-0.835777
-0.855856
-0.830714
-0.785900
-0.743770
-0.714683
-0.695124
-0.672603
-0.634133
-0.573771
-0.495613
-0.411240
-0.333410
-0.269627
-0.219047
-0.174353
-0.127589
-0.076803
-0.029851
-0.002926
-0.013909
-0.073183
-0.175980
-0.300014
-0.410051
-0.468297
-0.446942
-0.338189
-0.157902
0.058653
0.267534
0.429493
0.521246
0.540776
0.505083
0.441625
0.376928
0.326723
0.291225
0.257043
0.204653
0.118300
-0.005661
-0.155240
-0.305491
-0.426368
-0.492830
-0.493491
-0.434737
-0.338955
-0.237694
-0.162263
-0.134982
-0.163762
-0.241319
-0.348595
-0.460740
-0.553540
-0.608599
-0.616446
-0.577622
-0.502226
-0.408292
-0.319057
-0.258910
-0.248094
-0.296985
-0.401544
-0.542010
-0.686298
-0.798158
-0.848134
-0.823745
-0.734964
-0.612281
-0.497233
-0.428264
-0.426921
-0.489543
-0.587792
-0.678012
-0.715965
-0.671475
-0.537689
-0.331982
-0.088993
0.150742
0.351815
0.490814
0.557710
0.553191
0.484986
0.365909
0.214425
0.056153
-0.076646
-0.150069
-0.138073
-0.033551
0.144048
0.349246
0.521041
0.600952
0.552336
0.373391
0.098215
-0.215023
-0.504352
-0.724615
-0.860123
-0.924499
-0.948525
-0.961994
-0.978094
-0.987374
-0.963717
-0.879058
-0.719543
-0.495299
-0.239102
0.005450
0.200728
0.329086
0.397781
0.432854
0.465120
0.514958
0.582825
0.649546
0.685770
0.665894
0.580083
0.439253
0.271435
0.111819
-0.008799
-0.072379
-0.076169
-0.029782
0.050528
0.147140
0.243865
0.326309
0.381470
0.398536
0.371704
0.303958
0.209441
0.112032
0.039338
0.013594
0.042880
0.116461
0.206692
0.277286
0.295106
0.241170
0.116900
-0.056388
-0.244115
-0.408455
-0.518159
-0.555368
-0.518158
-0.419263
-0.282361
-0.137367
-0.015530
0.055453
0.056282
-0.019618
-0.163404
-0.351161
-0.548218
-0.717070
-0.827025
-0.862600
-0.827706
-0.743956
-0.643444
-0.558428
-0.511431
-0.509068
-0.541433
-0.586803
-0.619578
-0.618534
-0.572743
-0.483721
-0.363823
-0.232116
-0.109364
-0.013612
0.042826
0.054738
0.023975
-0.041714
-0.130696
-0.230024
-0.328147
-0.417132
-0.493684
-0.558450
-0.613661
-0.659789
-0.692555
-0.701654
-0.672189
-0.588816
-0.441518
-0.231104
0.027659
0.306784
0.569943
0.780330
0.909239
0.942685
0.884010
0.751655
0.573031
0.376694
0.185559
0.013406
-0.134471
-0.257384
-0.354300
-0.420441
-0.447222
-0.425728
-0.352115
-0.232285
-0.083228
0.070154
0.201934
0.293102
0.337249
0.341424
0.321636
0.294830
0.270793
0.247567
0.212481
0.148418
0.042594
-0.105989
-0.283730
-0.465495
-0.622323
-0.730582
-0.778979
-0.770957
-0.722106
-0.654270
-0.589045
-0.543071
-0.526184
-0.541856
-0.588473
-0.660049
-0.745971
-0.830545
-0.893706
-0.913938
-0.873193
-0.762308
-0.584697
-0.356519
-0.102907
0.148401
0.373570
0.556884
0.691451
0.776953
0.816407
0.814120
0.776063
0.712078
0.637926
0.574769
0.544790
0.563763
0.633342
0.736766
0.840770
0.904162
0.890641
0.781408
0.582839
0.326164
0.059115
-0.167550
-0.313955
-0.360905
-0.312887
-0.194257
-0.040904
0.109230
0.223831
0.280631
0.268718
0.188033
0.048347
-0.131673
-0.325677
-0.502021
-0.628066
-0.676146
-0.629978
-0.489504
-0.272362
-0.011057
0.253693
0.481658
0.641470
0.716447
0.706612
0.626809
0.502013
0.361400
0.232795
0.138571
0.093354
0.103311
0.166491
0.273736
0.409956
0.555914
0.690747
0.795360
0.856332
0.869495
0.841898
0.791016
0.740608
0.713821
0.725309
0.775020
0.846270
0.909600
0.931972
0.888720
0.774118
0.606474
0.425045
0.279056
0.212018
0.246678
0.376124
0.564570
0.757944
0.900763
0.953374
0.903435
0.767709
0.583852
0.395651
0.237471
0.123712
0.046896
-0.015508
-0.088786
-0.188424
-0.312350
-0.440884
-0.544208
-0.594244
-0.576287
-0.495951
-0.378870
-0.263256
-0.187930
-0.179949
-0.245981
-0.370215
-0.519472
-0.653790
-0.739075
-0.757772
-0.714123
-0.632345
-0.548291
-0.497355
-0.502667
-0.567602
-0.675232
-0.794910
-0.893584
-0.947645
-0.950777
-0.914747
-0.862834
-0.818505
-0.794083
-0.784277
-0.767609
-0.715547
-0.605810
-0.434272
-0.220191
-0.001916
0.175824
0.278391
0.294897
0.243300
0.164366
0.106377
0.106281
0.174645
0.290501
0.408431
0.475456
0.451420
0.325105
0.119900
-0.113160
-0.312349
-0.425834
-0.428292
-0.327664
-0.160041
0.024812
0.181472
0.283609
0.330372
0.342813
0.352627
0.388194
0.463486
0.573766
0.698980
0.812654
0.892126
0.925838
0.915000
0.869589
0.800956
0.714739
0.607417
0.468224
0.285764
0.056687
-0.207294
-0.477283
-0.711570
-0.865760
-0.905790
-0.819712
-0.624162
-0.362947
-0.097419
0.109002
0.207884
0.179353
0.037958
-0.171190
-0.385048
-0.540297
-0.590624
-0.518342
-0.336956
-0.084353
0.190542
0.442705
0.642363
0.779303
0.859608
0.897291
0.905113
0.888750
0.846618
0.774819
0.674223
0.555738
0.440692
0.355638
0.323586
0.355408
0.445230
0.571852
0.705597
0.817648
0.887985
0.908902
0.883286
0.819305
0.724659
0.603501
0.457424
0.289669
0.109860
-0.063806
-0.206830
-0.294853
-0.311842
-0.256604
-0.144773
-0.005304
0.127249
0.221723
0.257459
0.227420
0.137101
0.000641
-0.163721
-0.337105
-0.501799
-0.642021
-0.744737
-0.801249
-0.809284
-0.774388
-0.709242
-0.630258
-0.552196
-0.482810
-0.419993
-0.353123
-0.268522
-0.157051
-0.020609
0.125515
0.255893
0.342923
0.366504
0.321534
0.220088
0.087272
-0.047676
-0.161475
-0.244026
-0.299879
-0.343452
-0.390089
-0.446803
-0.506768
-0.550108
-0.551048
-0.488842
-0.358187
-0.174813
0.026437
0.200920
0.307914
0.323855
0.250104
0.112099
-0.050120
-0.196642
-0.302098
-0.364093
-0.402094
-0.446965
-0.525178
-0.644126
-0.784868
-0.905813
-0.956556
-0.896740
-0.712600
-0.424480
-0.082124
0.250556
0.515340
0.676485
0.728257
0.691032
0.598607
0.482882
0.362626
0.240675
0.109664
-0.037645
-0.199304
-0.361247
-0.501972
-0.602288
-0.654881
-0.668487
-0.664076
-0.664545
-0.682731
-0.713667
-0.735089
-0.716413
-0.632294
-0.474668
-0.257749
-0.013698
0.219075
0.409661
0.544338
0.628102
0.677838
0.710827
0.734363
0.741556
0.715338
0.638746
0.506501
0.332213
0.147482
-0.007317
-0.097019
-0.104830
-0.039307
0.067709
0.171483
0.229213
0.213905
0.122493
-0.024248
-0.189413
-0.332117
-0.419702
-0.436018
-0.383541
-0.279420
-0.147561
-0.010004
0.119256
0.236060
0.343336
0.445434
0.542319
0.626372
0.683557
0.698796
0.663555
0.582378
0.475184
0.373550
0.311525
0.313863
0.385952
0.509501
0.646115
0.748079
0.772896
0.696628
0.521476
0.275088
0.002088
-0.249020
-0.439066
-0.547383
-0.574637
-0.539360
-0.470245
-0.397161
-0.343559
-0.321860
-0.332239
-0.364328
-0.401113
-0.424216
-0.419762
-0.383717
-0.325146
-0.265776
-0.234820
-0.259584
-0.354200
-0.510458
-0.694888
-0.854712
-0.932231
-0.883683
-0.696135
-0.395787
-0.043490
0.282185
0.509259
0.595719
0.543476
0.397503
0.230074
0.115550
0.104743
0.208112
0.393744
0.600587
0.761744
0.829065
0.790000
0.670857
0.525747
0.415840
0.386866
0.453090
0.593271
0.759462
0.894884
0.954035
0.917874
0.799064
0.636173
0.479629
0.374895
0.348788
0.403232
0.517730
0.658665
0.791429
0.890921
0.947123
0.964725
0.958024
0.943831
0.935281
0.938501
0.952518
0.971322
0.986417
0.988455
0.967636
0.913595
0.816128
0.667768
0.468084
0.228232
-0.026581
-0.258933
-0.426159
-0.491218
-0.434280
-0.260889
-0.003245
0.286711
0.550766
0.740246
0.828819
0.817833
0.732366
0.609618
0.484142
0.375588
0.283547
0.191200
0.075915
-0.077816
-0.268606
-0.475627
-0.664342
-0.798087
-0.850776
-0.815608
-0.706493
-0.552001
-0.384681
-0.230343
-0.101581
0.002330
0.089917
0.169540
0.243014
0.303785
0.340307
0.342714
0.309341
0.249791
0.182927
0.130645
0.110220
0.128687
0.181652
0.256791
0.340078
0.421508
0.497458
0.568559
0.634334
0.687592
0.711992
0.684836
0.584812
0.401929
0.145559
-0.153167
-0.446362
-0.680726
-0.811681
-0.815559
-0.695771
-0.480988
-0.216172
0.050326
0.279285
0.448889
0.556707
0.615571
0.645554
0.665227
0.685185
0.705660
0.718406
0.711660
0.676068
0.609470
0.518995
0.419941
0.331893
0.273285
0.256000
0.281491
0.339509
0.409836
0.466720
0.484982
0.446343
0.344316
0.186316
-0.007737
-0.210117
-0.392132
-0.531233
-0.616314
-0.649635
-0.644751
-0.621196
-0.597737
-0.586574
-0.590499
-0.603923
-0.617166
-0.622078
-0.616516
-0.605653
-0.599505
-0.607773
-0.634415
-0.674643
-0.716045
-0.743673
-0.746933
-0.725005
-0.687860
-0.651727
-0.630459
-0.626460
-0.625611
-0.599393
-0.514580
-0.347410
-0.096768
0.209484
0.518676
0.767703
0.903131
0.899844
0.771132
0.565982
0.354073
0.203619
0.159999
0.232754
0.395357
0.597240
0.783001
0.911287
0.966415
0.959092
0.917084
0.870642
0.839150
0.824440
0.812975
0.785133
0.726917
0.638554
0.536139
0.445664
0.392180
0.388871
0.430840
0.496261
0.554471
0.577665
0.551500
0.480490
0.386313
0.299952
0.250944
0.257758
0.322542
0.431465
0.559692
0.678528
0.762074
0.791592
0.757251
0.658141
0.501769
0.303779
0.087610
-0.116959
-0.277492
-0.364969
-0.361068
-0.264236
-0.091924
0.122657
0.338928
0.520009
0.642704
0.702786
0.713661
0.699019
0.682398
0.677776
0.684689
0.689459
0.671589
0.612395
0.502367
0.344634
0.153822
-0.048484
-0.239286
-0.398516
-0.511044
-0.566707
-0.559677
-0.488521
-0.357416
-0.177846
0.030730
0.242571
0.430081
0.569908
0.648665
0.666069
0.634272
0.573669
0.506879
0.453175
0.425154
0.428194
0.461888
0.521890
0.600812
0.687838
0.767868
0.821722
0.828608
0.770980
0.640449
0.442472
0.197636
-0.061583
-0.297923
-0.478159
-0.580844
-0.600642
-0.548315
-0.446944
-0.326100
-0.215825
-0.141758
-0.121790
-0.163968
-0.265267
-0.411247
-0.577163
-0.731200
-0.840064
-0.876126
-0.824311
-0.686485
-0.481595
-0.241206
-0.001691
0.204324
0.354525
0.439581
0.461712
0.430553
0.358598
0.258274
0.141465
0.020851
-0.088699
-0.170485
-0.208990
-0.194900
-0.130202
-0.030873
0.074653
0.151572
0.167865
0.103727
-0.041862
-0.249698
-0.484689
-0.704735
-0.871514
-0.959976
-0.963917
-0.896229
-0.784052
-0.660590
-0.556077
-0.490524
-0.470130
-0.488010
-0.528557
-0.573719
-0.608981
-0.627164
-0.628987
-0.620565
-0.609019
-0.598007
-0.584881
-0.560524
-0.511950
-0.426793
-0.298257
-0.128984
0.067291
0.266862
0.439775
0.555465
0.589171
0.527817
0.373993
0.146909
-0.120264
-0.386433
-0.610783
-0.761108
-0.820040
-0.787333
-0.677729
-0.515290
-0.326458
-0.134332
0.043965
0.196550
0.314026
0.387005
0.405976
0.364171
0.262226
0.112001
-0.063155
-0.233027
-0.369048
-0.453525
-0.485556
-0.480635
-0.463527
-0.457084
-0.471697
-0.500110
-0.520091
-0.504028
-0.431291
-0.297860
-0.118860
0.077177
0.259689
0.407857
0.517323
0.598778
0.669144
0.739641
0.806522
0.849187
0.837020
0.742315
0.553884
0.285509
-0.024464
-0.322385
-0.553913
-0.678588
-0.679394
-0.564719
-0.363202
-0.114354
0.141335
0.369902
0.547926
0.663604
0.716174
0.714726
0.676462
0.623780
0.579591
0.561178
0.574178
0.609072
0.642288
0.642518
0.580828
0.441283
0.228234
-0.032617
-0.300148
-0.528928
-0.681946
-0.740848
-0.710620
-0.617604
-0.501823
-0.406092
-0.364928
-0.395895
-0.495133
-0.637836
-0.783567
-0.885508
-0.901992
-0.807948
-0.603365
-0.316078
0.002827
0.290692
0.489408
0.561495
0.501061
0.335841
0.119224
-0.085390
-0.222907
-0.261585
-0.200065
-0.064616
0.101725
0.253740
0.357137
0.396049
0.373387
0.305216
0.212276
0.112155
0.014657
-0.078861
-0.172979
-0.274232
-0.387241
-0.511940
-0.642144
-0.765374
-0.863950
-0.917582
-0.907645
-0.822817
-0.664746
-0.451695
-0.217967
-0.007912
0.134809
0.179886
0.120790
-0.021096
-0.200918
-0.362658
-0.455636
-0.449749
-0.344169
-0.166467
0.037439
0.218801
0.341378
0.391216
0.377718
0.326288
0.265922
0.216926
0.183562
0.154311
0.109314
0.031738
-0.081667
-0.215190
-0.336322
-0.404972
-0.386619
-0.264848
-0.048897
0.226440
0.508632
0.740502
0.874526
0.884087
0.768591
0.551506
0.272606
-0.022632
-0.293054
-0.508520
-0.652058
-0.718023
-0.708087
-0.627354
-0.482329
-0.281352
-0.036814
0.232418
0.500103
0.734431
0.902677
0.977771
0.945045
0.807262
0.586301
0.320683
0.059079
-0.149088
-0.264105
-0.265175
-0.156079
0.034442
0.258258
0.458595
0.583632
0.599578
0.499567
0.305645
0.062941
-0.172555
-0.349115
-0.432829
-0.415558
-0.315084
-0.167803
-0.016709
0.101185
0.163965
0.167932
0.124441
0.052385
-0.030461
-0.113944
-0.197723
-0.288740
-0.395346
-0.520558
-0.657158
-0.786635
-0.882677
-0.918385
-0.875144
-0.750435
-0.561833
-0.345479
-0.148657
-0.018041
0.013319
-0.063620
-0.229697
-0.441444
-0.642539
-0.779724
-0.818337
-0.752497
-0.606538
-0.427159
-0.268880
-0.177646
-0.177865
-0.266733
-0.417013
-0.586477
-0.730251
-0.811959
-0.810754
-0.723384
-0.562310
-0.351845
-0.123970
0.085584
0.241477
0.313947
0.285187
0.155748
-0.051439
-0.292021
-0.507660
-0.639205
-0.642437
-0.501612
-0.236175
0.102153
0.441631
0.708741
0.847089
0.831445
0.673045
0.415044
0.119884
-0.147529
-0.336130
-0.420388
-0.404743
-0.320166
-0.214067
-0.136283
-0.124723
-0.194374
-0.332666
-0.502681
-0.653617
-0.735721
-0.715343
-0.585392
-0.367704
-0.106398
0.145647
0.342598
0.458315
0.491609
0.462719
0.402989
0.342222
0.298794
0.276094
0.265886
0.256101
0.238813
0.214369
0.189819
0.172749
0.164040
0.153714
0.122619
0.049854
-0.077050
-0.253866
-0.457420
-0.651111
-0.796540
-0.866907
-0.856869
-0.784831
-0.686674
-0.603284
-0.566671
-0.589870
-0.664178
-0.764268
-0.858717
-0.921594
-0.940676
-0.919572
-0.873620
-0.821794
-0.778253
-0.746918
-0.721013
-0.687374
-0.633503
-0.554422
-0.456616
-0.357581
-0.281174
-0.250397
-0.280091
-0.371856
-0.512687
-0.677517
-0.834684
-0.952573
-1.005639
-0.978496
-0.867613
-0.680930
-0.436161
-0.158518
0.121816
0.372610
0.563251
0.669301
0.677429
0.589514
0.424309
0.215333
0.004671
-0.166211
-0.266235
-0.282079
-0.220695
-0.106010
0.029177
0.153402
0.245445
0.299056
0.322185
0.331404
0.343793
0.369289
0.406048
0.440192
0.449802
0.411809
0.309790
0.140654
-0.081478
-0.325318
-0.546864
-0.697924
-0.737410
-0.642951
-0.419655
-0.102755
0.247926
0.561454
0.774224
0.848004
0.781638
0.611921
0.402597
0.224664
0.134377
0.156458
0.278126
0.455622
0.630275
0.747875
0.774384
0.703116
0.552286
0.355681
0.151261
-0.027757
-0.157111
-0.221689
-0.214346
-0.135998
0.002164
0.175936
0.348013
0.473318
0.510117
0.433970
0.249200
-0.007637
-0.275212
-0.484440
-0.579511
-0.535331
-0.364806
-0.113326
0.157179
0.388228
0.541165
0.604285
0.589256
0.519911
0.419306
0.300926
0.167318
0.015630
-0.153705
-0.330094
-0.491455
-0.609335
-0.658330
-0.625785
-0.517763
-0.358995
-0.186962
-0.042352
0.040988
0.043778
-0.034875
-0.177867
-0.354035
-0.524608
-0.651018
-0.702882
-0.664744
-0.540018
-0.350759
-0.132740
0.073330
0.232188
0.322860
0.343142
0.308303
0.244701
0.180804
0.138939
0.130426
0.155105
0.204278
0.264910
0.322888
0.364344
0.375596
0.343341
0.256670
0.111217
-0.085956
-0.313340
-0.536348
-0.714064
-0.809987
-0.803315
-0.696560
-0.516300
-0.306394
-0.115804
0.014774
0.062995
0.028624
-0.069496
-0.201295
-0.334739
-0.443271
-0.509540
-0.525422
-0.489733
-0.405481
-0.278049
-0.114679
0.075214
0.279688
0.484431
0.673521
0.830505
0.939644
0.987373
0.964339
0.868127
0.706192
0.497745
0.273013
0.068809
-0.079311
-0.146285
-0.124984
-0.028727
0.112731
0.262797
0.389836
0.476636
0.523758
0.545513
0.560501
0.581039
0.606333
0.622497
0.609352
0.550760
0.443629
0.301336
0.150006
0.019422
-0.067229
-0.100182
-0.083779
-0.031399
0.042190
0.126873
0.218623
0.316118
0.415197
0.505168
0.570078
0.595250
0.576098
0.524344
0.467337
0.439179
0.466550
0.555274
0.684202
0.810311
0.884050
0.869127
0.758353
0.578303
0.380068
0.219358
0.134081
0.128943
0.173896
0.217467
0.209614
0.124581
-0.025906
-0.194823
-0.316736
-0.332706
-0.213351
0.028873
0.342596
0.654025
0.890289
1.000851
0.969704
0.815247
0.579622
0.312896
0.058438
-0.155799
-0.318560
-0.430812
-0.498996
-0.529501
-0.526307
-0.491726
-0.428668
-0.342480
-0.241142
-0.133769
-0.028390
0.069738
0.158514
0.238082
0.309305
0.372484
0.426769
0.470195
0.499875
0.511949
0.501390
0.462186
0.388606
0.277784
0.132961
-0.034046
-0.202885
-0.348274
-0.446769
-0.484732
-0.464430
-0.405427
-0.339884
-0.302743
-0.319962
-0.399096
-0.525951
-0.668859
-0.789266
-0.854768
-0.849732
-0.779537
-0.666997
-0.542573
-0.432492
-0.349508
-0.289937
-0.237834
-0.174275
-0.087600
0.019820
0.131184
0.221423
0.267343
0.257532
0.197895
0.110459
0.025778
-0.028165
-0.036324
-0.002261
0.052991
0.098403
0.103939
0.050974
-0.061588
-0.217560
-0.389703
-0.549382
-0.675932
-0.762244
-0.814698
-0.847768
-0.875769
-0.905212
-0.931080
-0.938614
-0.910048
-0.833556
-0.710724
-0.559206
-0.409088
-0.293902
-0.239489
-0.254891
-0.328857
-0.433520
-0.534037
-0.600687
-0.618942
-0.593711
-0.546212
-0.504718
-0.492688
-0.518762
-0.572348
-0.626372
-0.646189
-0.601498
-0.477168
-0.279409
-0.035385
0.213514
0.422583
0.555693
0.594791
0.544493
0.430637
0.293254
0.175928
0.114424
0.127776
0.214360
0.354099
0.516028
0.668702
0.789783
0.871437
0.919592
0.947528
0.966611
0.978219
0.970651
0.922688
0.812681
0.629474
0.380525
0.093507
-0.189643
-0.424155
-0.575025
-0.626089
-0.582498
-0.466366
-0.308083
-0.137159
0.023944
0.161531
0.268720
0.342184
0.379947
0.381361
0.348601
0.287880
0.208702
0.120808
0.030118
-0.063944
-0.167793
-0.289347
-0.431800
-0.588607
-0.742537
-0.869774
-0.947497
-0.961444
-0.909823
-0.801736
-0.651122
-0.469734
-0.263249
-0.033058
0.216999
0.472702
0.705434
0.875766
0.944767
0.889024
0.712804
0.451218
0.161739
-0.093554
-0.268341
-0.346899
-0.347388
-0.312351
-0.290563
-0.317810
-0.404304
-0.533201
-0.669756
-0.776310
-0.826362
-0.812262
-0.744457
-0.644196
-0.533985
-0.430257
-0.340644
-0.265518
-0.201446
-0.143939
-0.088188
-0.028461
0.041945
0.128568
0.231435
0.340527
0.434147
0.482602
0.457241
0.342034
0.142906
-0.109809
-0.367933
-0.579481
-0.705250
-0.731652
-0.674772
-0.574050
-0.478092
-0.428111
-0.445100
-0.525027
-0.642888
-0.763072
-0.851460
-0.884821
-0.854860
-0.766895
-0.635147
-0.477409
-0.311165
-0.151836
-0.012421
0.096757
0.169130
0.203738
0.206884
0.192251
0.178644
0.185515
0.227515
0.309874
0.426263
0.559934
0.687817
0.786285
0.836843
0.830105
0.767086
0.657659
0.516833
0.360132
0.199519
0.041152
-0.114322
-0.269059
-0.423925
-0.574683
-0.710220
-0.814017
-0.868841
-0.863250
-0.797495
-0.686201
-0.556215
-0.439736
-0.364797
-0.346503
-0.382373
-0.453771
-0.533084
-0.593983
-0.620861
-0.613724
-0.586697
-0.560809
-0.554042
-0.572696
-0.607518
-0.636103
-0.630551
-0.567428
-0.436303
-0.243919
-0.012813
0.224739
0.435098
0.591168
0.677635
0.692567
0.645720
0.554691
0.440401
0.323033
0.219144
0.140180
0.092281
0.077137
0.093461
0.138536
0.209195
0.301741
0.410698
0.526892
0.635913
0.718231
0.751834
0.717317
0.604194
0.416303
0.174036
-0.088045
-0.328123
-0.506785
-0.596532
-0.588089
-0.491591
-0.332435
-0.143432
0.043962
0.206518
0.332376
0.420201
0.475528
0.506277
0.519306
0.519018
0.507916
0.488168
0.462895
0.436326
0.412622
0.393984
0.379081
0.362723
0.337261
0.295443
0.233806
0.155373
0.070496
-0.004757
-0.052481
-0.058070
-0.014967
0.072660
0.190504
0.318128
0.435239
0.528091
0.593575
0.639215
0.678777
0.725042
0.782611
0.843886
0.890251
0.898369
0.849245
0.736309
0.569026
0.370273
0.168531
-0.011789
-0.157623
-0.268938
-0.354295
-0.422727
-0.476239
-0.507088
-0.501646
-0.449315
-0.352117
-0.229769
-0.116744
-0.051451
-0.061519
-0.151456
-0.298397
-0.458520
-0.582069
-0.631117
-0.592819
-0.482680
-0.336576
-0.195061
-0.086697
-0.017404
0.029878
0.085499
0.177817
0.318989
0.497691
0.681524
0.827747
0.897839
0.870255
0.747026
0.552574
0.326078
0.110637
-0.057153
-0.154609
-0.176283
-0.133437
-0.050567
0.040111
0.105451
0.118569
0.065186
-0.052531
-0.216228
-0.396360
-0.560975
-0.685650
-0.761007
-0.794768
-0.807142
-0.821113
-0.851315
-0.896168
-0.936698
-0.942887
-0.885236
-0.746973
-0.532033
-0.265557
0.013273
0.263183
0.452885
0.568761
0.615652
0.611112
0.576096
0.526185
0.466881
0.394490
0.301662
0.184743
0.049553
-0.086987
-0.200091
-0.263946
-0.259555
-0.180700
-0.036011
0.153384
0.359571
0.554853
0.717710
0.836058
0.907162
0.934870
0.925564
0.884583
0.814446
0.715419
0.588040
0.436417
0.270858
0.108576
-0.028121
-0.115886
-0.135620
-0.077530
0.055441
0.246776
0.468389
0.685021
0.860070
0.961668
0.967913
0.870446
0.675904
0.405125
0.090229
-0.230003
-0.515914
-0.733060
-0.857677
-0.880522
-0.808253
-0.661940
-0.472798
-0.275937
-0.103350
0.022328
0.091864
0.110343
0.094700
0.068501
0.055254
0.071957
0.124499
0.206071
0.298878
0.378603
0.420346
0.404483
0.321064
0.171912
-0.029687
-0.261243
-0.494702
-0.700218
