0.587597
0.584342
0.534865
0.457271
0.376433
0.317431
0.297890
0.321663
0.376454
0.436973
0.473353
0.462298
0.396992
0.291720
0.178836
0.098502
0.084524
0.151367
0.287267
0.456245
0.608620
0.696497
0.688947
0.581780
0.398835
0.184680
-0.008590
-0.136080
-0.171882
-0.114758
0.013381
0.175105
0.328579
0.438781
0.485703
0.467420
0.397438
0.297455
0.188134
0.081227
-0.023914
-0.137912
-0.273728
-0.436816
-0.617365
-0.788543
-0.912458
-0.952320
-0.886321
-0.717434
-0.474550
-0.203734
0.047339
0.245531
0.382088
0.471816
0.541857
0.615079
0.695785
0.764667
0.785855
0.723391
0.559849
0.308483
0.012825
-0.266889
-0.475175
-0.581675
-0.591770
-0.542933
-0.488462
-0.475709
-0.528055
-0.638043
-0.773872
-0.895538
-0.972840
-0.997080
-0.981552
-0.951390
-0.928194
-0.917152
-0.902968
-0.856633
-0.750010
-0.571514
-0.335661
-0.081860
0.137499
0.275142
0.306068
0.237115
0.105329
-0.034137
-0.126015
-0.132302
-0.043113
0.122238
0.323627
0.514425
0.656493
0.730775
0.740273
0.705031
0.651480
0.600435
0.558356
0.515251
0.450140
0.342110
0.182727
-0.015248
-0.216856
-0.372923
-0.434928
-0.371770
-0.182309
0.101245
0.420838
0.708704
0.906574
0.981194
0.930867
0.781218
0.572578
0.344516
0.123787
-0.079868
-0.269283
-0.449823
-0.619077
-0.761521
-0.850902
-0.859432
-0.769707
-0.583932
-0.326189
-0.036513
0.240904
0.470541
0.634179
0.732047
0.776487
0.781425
0.752731
0.684097
0.560574
0.368441
0.107130
-0.202237
-0.516083
-0.776766
-0.927916
-0.931615
-0.781407
-0.506376
-0.164704
0.171338
0.434060
0.576835
0.583560
0.468935
0.270559
0.036263
-0.188915
-0.372410
-0.498588
-0.568142
-0.594040
-0.596053
-0.595393
-0.610104
-0.651278
-0.720136
-0.806534
-0.889917
-0.943621
-0.942463
-0.871955
-0.736048
-0.559917
-0.385443
-0.259608
-0.219031
-0.276047
-0.411871
-0.580210
-0.720843
-0.778717
-0.721651
-0.550125
-0.295578
-0.008209
0.260605
0.474169
0.618634
0.701002
0.739089
0.748872
0.735521
0.692188
0.606752
0.472712
0.298378
0.109283
-0.058074
-0.168854
-0.203492
-0.166182
-0.084266
0.001557
0.052333
0.045176
-0.018850
-0.116119
-0.210055
-0.264698
-0.256727
-0.181629
-0.052565
0.106382
0.268823
0.412705
0.522747
0.588917
0.603224
0.557740
0.445811
0.266431
0.029726
-0.239514
-0.502841
-0.714534
-0.831996
-0.826989
-0.694102
-0.453588
-0.147715
0.168327
0.438276
0.616347
0.675867
0.613569
0.449282
0.221659
-0.019028
-0.219911
-0.335218
-0.335307
-0.213475
0.011168
0.296110
0.583494
0.812694
0.934704
0.924609
0.788470
0.562198
0.302312
0.070900
-0.080946
-0.126364
-0.068747
0.061093
0.215486
0.344721
0.411443
0.400285
0.320118
0.198757
0.072288
-0.027207
-0.081512
-0.090658
-0.070683
-0.045813
-0.037898
-0.056854
-0.095548
-0.131127
-0.132694
-0.072994
0.059770
0.254236
0.475443
0.672510
0.792494
0.796167
0.670463
0.433203
0.128241
-0.187514
-0.460770
-0.656438
-0.765078
-0.800903
-0.791610
-0.764428
-0.734131
-0.697774
-0.638017
-0.533337
-0.370537
-0.154118
0.091559
0.328344
0.516238
0.626503
0.650887
0.603614
0.515728
0.424266
0.360512
0.341481
0.367196
0.423842
0.490801
0.548444
0.583882
0.593107
0.579637
0.551006
0.514946
0.476786
0.438812
0.401392
0.365067
0.332544
0.309652
0.304710
0.326211
0.379291
0.461961
0.562430
0.658872
0.722549
0.724226
0.642559
0.472045
0.227695
-0.055801
-0.331054
-0.549600
-0.674812
-0.691977
-0.612103
-0.468080
-0.304460
-0.164326
-0.077634
-0.054649
-0.086008
-0.148481
-0.213572
-0.255598
-0.256754
-0.208479
-0.110195
0.032642
0.209526
0.404570
0.595908
0.756645
0.858686
0.879321
0.808601
0.654416
0.442423
0.209746
-0.006039
-0.178781
-0.301743
-0.388089
-0.463092
-0.550767
-0.660263
-0.777923
-0.868982
-0.889126
-0.802083
-0.596559
-0.295745
0.044931
0.351699
0.553492
0.602871
0.489581
0.242305
-0.081469
-0.413347
-0.693169
-0.883115
-0.973017
-0.976798
-0.923016
-0.844002
-0.767393
-0.711840
-0.686402
-0.691709
-0.721073
-0.760947
-0.791540
-0.789165
-0.731247
-0.603283
-0.405364
-0.155058
0.115570
0.368738
0.572645
0.711492
0.789401
0.826293
0.847244
0.870052
0.896775
0.913433
0.898394
0.835704
0.727068
0.596271
0.483084
0.428432
0.456882
0.564228
0.716190
0.859689
0.942684
0.934643
0.839099
0.692801
0.551484
0.467780
0.470164
0.551376
0.670983
0.771019
0.798490
0.725983
0.562593
0.351293
0.154164
0.031222
0.020587
0.126674
0.319778
0.546191
0.744641
0.863295
0.872218
0.768437
0.573490
0.325570
0.069432
-0.153023
-0.309611
-0.381644
-0.365051
-0.269596
-0.116805
0.063235
0.236303
0.369655
0.438262
0.430446
0.351236
0.221955
0.075393
-0.052607
-0.132931
-0.151216
-0.111213
-0.032036
0.059982
0.141869
0.202832
0.247493
0.291823
0.353052
0.437704
0.533176
0.607359
0.617725
0.527299
0.321593
0.019458
-0.327374
-0.647130
-0.869317
-0.946953
-0.871368
-0.673841
-0.413334
-0.155084
0.051668
0.188248
0.268113
0.325474
0.396261
0.499672
0.628001
0.748710
0.817503
0.796628
0.670689
0.453614
0.184333
-0.086591
-0.313654
-0.469803
-0.551826
-0.576684
-0.571477
-0.561945
-0.564298
-0.583002
-0.614133
-0.651416
-0.691253
-0.734048
-0.781452
-0.831388
-0.874061
-0.891652
-0.862692
-0.769786
-0.607581
-0.387554
-0.137316
0.105691
0.304041
0.430311
0.473865
0.442435
0.358488
0.252143
0.153305
0.085422
0.062207
0.087285
0.155747
0.256367
0.373686
0.489917
0.587176
0.650475
0.671326
0.650931
0.601390
0.543608
0.501571
0.494260
0.527778
0.590822
0.655830
0.686303
0.648451
0.523427
0.315827
0.055129
-0.210847
-0.428621
-0.553727
-0.562576
-0.457697
-0.265019
-0.024680
0.220974
0.437845
0.605687
0.717765
0.775911
0.784061
0.743618
0.652804
0.510179
0.320399
0.099214
-0.125188
-0.315903
-0.435523
-0.456346
-0.369177
-0.187576
0.054156
0.308925
0.528526
0.675627
0.732553
0.704394
0.615664
0.501755
0.397934
0.329345
0.305074
0.317953
0.349823
0.380128
0.394530
0.390276
0.376247
0.367745
0.378172
0.411161
0.456702
0.493286
0.495641
0.445173
0.338824
0.192406
0.036521
-0.093835
-0.172142
-0.190637
-0.163705
-0.122757
-0.104362
-0.136173
-0.226171
-0.359446
-0.503729
-0.621425
-0.683332
-0.678747
-0.618253
-0.528540
-0.441738
-0.383689
-0.365644
-0.382110
-0.414905
-0.441091
-0.441257
-0.405027
-0.332282
-0.230574
-0.110675
0.017415
0.146388
0.271133
0.386760
0.486593
0.561461
0.600733
0.594722
0.537444
0.428714
0.274945
0.088612
-0.113254
-0.311021
-0.484527
-0.615166
-0.688006
-0.693930
-0.631498
-0.508081
-0.339731
-0.149478
0.035868
0.189933
0.291225
0.326967
0.295571
0.207244
0.082474
-0.051512
-0.165939
-0.236476
-0.248842
-0.202585
-0.111759
-0.001860
0.096603
0.156362
0.161099
0.110154
0.018552
-0.087886
-0.180855
-0.238612
-0.252748
-0.230464
-0.191700
-0.162291
-0.165596
-0.215425
-0.312422
-0.444691
-0.591922
-0.731290
-0.843037
-0.914211
-0.939904
-0.922298
-0.868424
-0.787628
-0.689436
-0.582123
-0.471889
-0.362462
-0.255084
-0.148883
-0.041799
0.067965
0.180180
0.291024
0.392266
0.471696
0.514972
0.508641
0.443773
0.319358
0.144638
-0.060365
-0.266570
-0.439873
-0.547060
-0.562700
-0.475602
-0.293219
-0.042484
0.233838
0.485141
0.663903
0.737011
0.694445
0.552590
0.350793
0.141645
-0.022495
-0.102922
-0.083959
0.024537
0.192159
0.378551
0.545888
0.668942
0.739453
0.763824
0.755752
0.727351
0.682828
0.617479
0.522309
0.391943
0.231823
0.060792
-0.092886
-0.201052
-0.246934
-0.233234
-0.182957
-0.131832
-0.114795
-0.151794
-0.238881
-0.348667
-0.440490
-0.476500
-0.437271
-0.330482
-0.188973
-0.058855
0.017532
0.016839
-0.058004
-0.181114
-0.315732
-0.429533
-0.506450
-0.550122
-0.578001
-0.609388
-0.653376
-0.702500
-0.735129
-0.725428
-0.656172
-0.528326
-0.362828
-0.193643
-0.055201
0.030097
0.058734
0.044443
0.009243
-0.028201
-0.061123
-0.095867
-0.145290
-0.217812
-0.307963
-0.393799
-0.443420
-0.428385
-0.338197
-0.188951
-0.021415
0.111772
0.165131
0.117994
-0.016673
-0.196188
-0.363431
-0.467323
-0.480201
-0.405233
-0.271430
-0.119192
0.016739
0.119271
0.190980
0.246122
0.297417
0.344760
0.371970
0.353614
0.268811
0.115196
-0.084289
-0.286049
-0.440901
-0.513447
-0.497136
-0.417857
-0.323657
-0.264337
-0.269361
-0.333679
-0.417975
-0.463879
-0.418276
-0.256821
0.003080
0.305415
0.573846
0.738108
0.758286
0.637818
0.420656
0.174305
-0.034264
-0.160557
-0.194579
-0.159475
-0.098669
-0.057469
-0.066527
-0.132999
-0.241652
-0.364141
-0.471824
-0.546774
-0.587001
-0.604688
-0.619048
-0.647238
-0.697175
-0.764833
-0.836655
-0.895657
-0.928501
-0.930638
-0.907607
-0.872117
-0.838365
-0.815974
-0.806193
-0.802003
-0.792153
-0.767454
-0.726515
-0.678184
-0.639139
-0.627114
-0.652263
-0.710313
-0.780826
-0.832133
-0.831824
-0.759239
-0.615221
-0.425012
-0.232532
-0.087514
-0.029730
-0.075779
-0.213135
-0.403513
-0.594299
-0.734024
-0.786660
-0.740309
-0.608140
-0.422249
-0.223384
-0.050261
0.068352
0.117271
0.094534
0.008532
-0.125593
-0.289071
-0.461798
-0.624115
-0.758567
-0.851743
-0.895825
-0.889243
-0.836007
-0.743958
-0.622693
-0.482260
-0.333217
-0.187896
-0.061673
0.027211
0.060394
0.024543
-0.082709
-0.248606
-0.445370
-0.635606
-0.781939
-0.857730
-0.854875
-0.785402
-0.675958
-0.557158
-0.452102
-0.368873
-0.300215
-0.230509
-0.146772
-0.048420
0.049080
0.118927
0.134412
0.082059
-0.029666
-0.170594
-0.298684
-0.375697
-0.382101
-0.324645
-0.233114
-0.147567
-0.101643
-0.109338
-0.161021
-0.230186
-0.287384
-0.314439
-0.312026
-0.296999
-0.290945
-0.305912
-0.334765
-0.351527
-0.322142
-0.220876
-0.044520
0.182761
0.416813
0.610235
0.731045
0.774732
0.764115
0.737092
0.727997
0.751326
0.795370
0.828705
0.816323
0.737793
0.598904
0.431420
0.281138
0.189796
0.179012
0.243209
0.354096
0.473997
0.571515
0.632508
0.662072
0.677734
0.698025
0.732326
0.776576
0.816137
0.833470
0.816260
0.761891
0.676517
0.569991
0.449939
0.318426
0.173034
0.011595
-0.162117
-0.334965
-0.485351
-0.588429
-0.623609
-0.581455
-0.467535
-0.302108
-0.116124
0.055057
0.178590
0.230496
0.200616
0.095516
-0.061428
-0.233543
-0.378203
-0.457014
-0.446369
-0.344917
-0.174822
0.024520
0.208804
0.343029
0.412253
0.424575
0.404988
0.382574
0.376378
0.386026
0.391152
0.360035
0.263821
0.090416
-0.147707
-0.414852
-0.661906
-0.840543
-0.916432
-0.876982
-0.731850
-0.507393
-0.238294
0.040213
0.297391
0.509132
0.658457
0.735958
0.740868
0.682134
0.577986
0.452723
0.330703
0.229170
0.152688
0.091801
0.027052
-0.062674
-0.190464
-0.354075
-0.533918
-0.697268
-0.807221
-0.833284
-0.759992
-0.590981
-0.347659
-0.063480
0.223975
0.480728
0.682147
0.815852
0.881857
0.890493
0.858833
0.806304
0.750234
0.702144
0.665711
0.637077
0.607643
0.568616
0.515798
0.452776
0.391068
0.346820
0.335069
0.363629
0.429001
0.516079
0.602004
0.662919
0.681254
0.650948
0.578809
0.481684
0.380666
0.294515
0.234600
0.202859
0.193011
0.194057
0.194417
0.185162
0.161444
0.122201
0.068913
0.004411
-0.067577
-0.142097
-0.212449
-0.270312
-0.307067
-0.316304
-0.296693
-0.254018
-0.201230
-0.156006
-0.136243
-0.154808
-0.215255
-0.310016
-0.421764
-0.527540
-0.604315
-0.634271
-0.608288
-0.526950
-0.399307
-0.240329
-0.068192
0.097859
0.239001
0.338190
0.382085
0.363813
0.286079
0.163380
0.021775
-0.104827
-0.181751
-0.182460
-0.096639
0.065371
0.273718
0.485914
0.657574
0.753734
0.757151
0.671037
0.515658
0.320422
0.114544
-0.080325
-0.253224
-0.402333
-0.530278
-0.638920
-0.726184
-0.786268
-0.812825
-0.803240
-0.761572
-0.698411
-0.627344
-0.559476
-0.498427
-0.438237
-0.365456
-0.264868
-0.126707
0.047530
0.243179
0.435384
0.596088
0.702553
0.744385
0.726574
0.667529
0.592953
0.527716
0.488526
0.479706
0.493170
0.512252
0.517769
0.494217
0.434095
0.339223
0.218986
0.086450
-0.046081
-0.170441
-0.283745
-0.387063
-0.482272
-0.568565
-0.640251
-0.687080
-0.697395
-0.663113
-0.584674
-0.473699
-0.351763
-0.245041
-0.176291
-0.156935
-0.182365
-0.232653
-0.278962
-0.293706
-0.260897
-0.182765
-0.079936
0.015193
0.069693
0.061966
-0.010072
-0.127427
-0.255614
-0.355337
-0.394511
-0.357606
-0.249501
-0.093160
0.077523
0.226976
0.326423
0.359530
0.324481
0.232921
0.106814
-0.025779
-0.135369
-0.195923
-0.189726
-0.111671
0.028042
0.203979
0.379155
0.512201
0.566675
0.520205
0.370821
0.138453
-0.139071
-0.414515
-0.641873
-0.786199
-0.830124
-0.775694
-0.641700
-0.457896
-0.258105
-0.074045
0.069044
0.154798
0.176616
0.137653
0.050221
-0.065603
-0.184670
-0.281082
-0.333815
-0.332465
-0.281250
-0.199510
-0.117717
-0.069580
-0.082282
-0.167921
-0.319000
-0.509628
-0.702053
-0.856335
-0.939932
-0.934228
-0.836520
-0.657861
-0.418668
-0.144400
0.137153
0.397029
0.606131
0.737923
0.773686
0.709318
0.560894
0.365540
0.175292
0.044273
0.012629
0.092790
0.263561
0.475095
0.663746
0.771892
0.765656
0.644215
0.437623
0.194610
-0.034420
-0.212528
-0.324281
-0.374914
-0.382733
-0.369324
-0.352197
-0.342285
-0.345660
-0.366494
-0.407960
-0.469590
-0.542383
-0.605241
-0.626498
-0.572228
-0.419424
-0.168994
0.147600
0.472408
0.735880
0.878002
0.867948
0.714613
0.463734
0.182602
-0.061715
-0.222297
-0.283232
-0.258250
-0.179168
-0.080105
0.015496
0.100065
0.178499
0.259358
0.346080
0.432976
0.507827
0.559238
0.584323
0.592134
0.600412
0.626790
0.678526
0.745911
0.803034
0.816303
0.757524
0.616142
0.405412
0.159741
-0.075875
-0.260185
-0.368234
-0.397496
-0.365765
-0.302287
-0.236167
-0.186674
-0.158876
-0.145468
-0.133172
-0.110522
-0.073774
-0.028977
0.009961
0.025880
0.003638
-0.065648
-0.182231
-0.337249
-0.513698
-0.688584
-0.836174
-0.932425
-0.960222
-0.914349
-0.804429
-0.654127
-0.495769
-0.361318
-0.272423
-0.233227
-0.229193
-0.233121
-0.216667
-0.163098
-0.076010
0.020034
0.087922
0.092601
0.016144
-0.133079
-0.321363
-0.500945
-0.627424
-0.676380
-0.652329
-0.586166
-0.521971
-0.498466
-0.532693
-0.612542
-0.701111
-0.750971
-0.722441
-0.598540
-0.390940
-0.135141
0.122480
0.340110
0.492312
0.574256
0.597983
0.583612
0.550105
0.509559
0.466733
0.422717
0.379811
0.344499
0.326811
0.336556
0.378570
0.449589
0.538346
0.628741
0.704352
0.752072
0.763394
0.733418
0.659126
0.538886
0.374385
0.174438
-0.041478
-0.242782
-0.392317
-0.455603
-0.412098
-0.264190
-0.039907
0.212644
0.437933
0.588701
0.639253
0.591714
0.473216
0.325416
0.190510
0.098899
0.062616
0.076015
0.122283
0.182260
0.241709
0.294413
0.340705
0.383122
0.421913
0.452783
0.467854
0.459089
0.422291
0.359641
0.279608
0.194448
0.116589
0.055583
0.016808
0.002052
0.011174
0.043562
0.098503
0.174341
0.267165
0.370136
0.474218
0.570250
0.651419
0.714784
0.760827
0.791027
0.804530
0.795697
0.754206
0.668277
0.530218
0.342207
0.119825
-0.108488
-0.306463
-0.438201
-0.477068
-0.412566
-0.253202
-0.024796
0.234988
0.484174
0.684225
0.806603
0.837363
0.779479
0.652685
0.490603
0.334949
0.227093
0.198249
0.260522
0.401657
0.585892
0.761754
0.875379
0.885668
0.776500
0.561710
0.280800
-0.013419
-0.271126
-0.459995
-0.572839
-0.625867
-0.648641
-0.670017
-0.705808
-0.753128
-0.793480
-0.803007
-0.765308
-0.681160
-0.570710
-0.466935
-0.402828
-0.397518
-0.447150
-0.524546
-0.588203
-0.597435
-0.527943
-0.381842
-0.188296
0.005529
0.149815
0.208124
0.168491
0.046017
-0.123226
-0.294105
-0.425514
-0.490262
-0.479244
-0.399961
-0.271479
-0.118685
0.032062
0.155342
0.228141
0.231902
0.156057
0.002423
-0.211548
-0.453146
-0.679903
-0.849661
-0.932384
-0.919549
-0.827359
-0.692055
-0.558629
-0.466821
-0.439390
-0.476717
-0.559221
-0.656052
-0.736233
-0.777978
-0.773176
-0.726458
-0.650583
-0.560983
-0.472001
-0.395724
-0.342579
-0.321864
-0.340661
-0.400911
-0.496066
-0.609552
-0.716863
-0.791446
-0.812577
-0.772050
-0.676675
-0.545253
-0.401073
-0.263143
-0.139963
-0.028553
0.080966
0.197570
0.322101
0.444186
0.544849
0.603686
0.607297
0.555027
0.459391
0.340959
0.220096
0.109290
0.009487
-0.088097
-0.195754
-0.321689
-0.464595
-0.612818
-0.748319
-0.853493
-0.917669
-0.940435
-0.930468
-0.900652
-0.861827
-0.818073
-0.765492
-0.694994
-0.597733
-0.470865
-0.321222
-0.165415
-0.026249
0.073353
0.116957
0.099766
0.030828
-0.068255
-0.167817
-0.236741
-0.249664
-0.193081
-0.068827
0.106085
0.303442
0.490805
0.639681
0.732642
0.767204
0.755250
0.718153
0.679228
0.656102
0.655641
0.673144
0.695884
0.709507
0.704636
0.681112
0.648200
0.620764
0.612998
0.632251
0.675381
0.729072
0.773989
0.791181
0.768397
0.704088
0.607822
0.497204
0.392565
0.311377
0.264187
0.253176
0.273399
0.315862
0.371110
0.432010
0.494950
0.559290
0.625589
0.693439
0.759793
0.818416
0.860656
0.877290
0.860915
0.808160
0.721134
0.607665
0.480301
0.354289
0.245067
0.165816
0.125573
0.128148
0.171814
0.249537
0.349528
0.456019
0.550411
0.613110
0.626264
0.577259
0.462299
0.288937
0.076321
-0.147613
-0.351813
-0.509348
-0.604003
-0.633942
-0.610925
-0.555084
-0.487014
-0.420094
-0.356066
-0.285749
-0.194724
-0.071733
0.083731
0.258046
0.426060
0.558991
0.634644
0.645824
0.603357
0.532276
0.462430
0.417187
0.404718
0.415399
0.426420
0.411777
0.353621
0.250373
0.118323
-0.014004
-0.116548
-0.169321
-0.170436
-0.137427
-0.101300
-0.095431
-0.143327
-0.249661
-0.397792
-0.554732
-0.681933
-0.748301
-0.741056
-0.670728
-0.568441
-0.476128
-0.432687
-0.460514
-0.556949
-0.693735
-0.825138
-0.902434
-0.890284
-0.779546
-0.592092
-0.375615
-0.189782
-0.088003
-0.100681
-0.225368
-0.426965
-0.647788
-0.824135
-0.904055
-0.861008
-0.699749
-0.453485
-0.174009
0.081747
0.264917
0.344558
0.312547
0.183294
-0.010912
-0.227553
-0.422996
-0.561447
-0.622062
-0.602681
-0.519115
-0.399904
-0.277792
-0.180308
-0.122370
-0.103291
-0.109032
-0.118644
-0.112272
-0.077607
-0.012536
0.076489
0.178917
0.284845
0.387669
0.483621
0.569010
0.637348
0.678626
0.681893
0.640343
0.556511
0.444681
0.328599
0.234669
0.182995
0.179889
0.215122
0.265385
0.302889
0.305909
0.267274
0.197591
0.122059
0.072086
0.074702
0.143292
0.272523
0.438762
0.605638
0.733095
0.787555
0.750779
0.625265
0.434744
0.219221
0.025217
-0.106682
-0.153746
-0.118787
-0.030618
0.063682
0.112969
0.078431
-0.053327
-0.265267
-0.515052
-0.748741
-0.918220
-0.996079
-0.982637
-0.902893
-0.795103
-0.695821
-0.627369
-0.592346
-0.576686
-0.559228
-0.523311
-0.465430
-0.397528
-0.342310
-0.323739
-0.356583
-0.438949
-0.550424
-0.656322
-0.716627
-0.696854
-0.577809
-0.361652
-0.072687
0.247457
0.549279
0.787365
0.931815
0.975937
0.937581
0.853247
0.766307
0.712881
0.710163
0.751493
0.810281
0.851650
0.847505
0.789159
0.692259
0.591665
0.527890
0.530263
0.603520
0.723420
0.843550
0.911122
0.886017
0.755981
0.542350
0.294239
0.073362
-0.065034
-0.088547
0.003874
0.183406
0.401317
0.603306
0.743252
0.792431
0.742521
0.603118
0.396111
0.149606
-0.106760
-0.344646
-0.538762
-0.668680
-0.721404
-0.694313
-0.597128
-0.451280
-0.285722
-0.129651
-0.004192
0.083964
0.144254
0.198009
0.269361
0.374381
0.512622
0.664596
0.796591
0.871442
0.861426
0.758487
0.577960
0.354375
0.131018
-0.052833
-0.172334
-0.221732
-0.212230
-0.164755
-0.100965
-0.036086
0.024208
0.082581
0.146008
0.221153
0.311015
0.413584
0.522147
0.626377
0.713611
0.770318
0.784272
0.747729
0.661109
0.535724
0.393715
0.263970
0.174407
0.142893
0.170241
0.238476
0.315708
0.366272
0.362456
0.293275
0.166905
0.006051
-0.161471
-0.312749
-0.436204
-0.532234
-0.608697
-0.674210
-0.732947
-0.783409
-0.821182
-0.843486
-0.852318
-0.853987
-0.855013
-0.856811
-0.852517
-0.828554
-0.771022
-0.674258
-0.547260
-0.414154
-0.307469
-0.256344
-0.274552
-0.353657
-0.464751
-0.568484
-0.629473
-0.629164
-0.571817
-0.481213
-0.389693
-0.324235
-0.295468
-0.293944
-0.294850
-0.268765
-0.193781
-0.064112
0.107920
0.296716
0.472607
0.611584
0.701976
0.746134
0.757204
0.752903
0.748848
0.753727
0.767508
0.782660
0.787377
0.769431
0.719388
0.632480
0.509050
0.353990
0.175831
-0.013922
-0.201042
-0.368689
-0.498072
-0.570403
-0.570462
-0.491307
-0.338747
-0.133686
0.089346
0.288090
0.421887
0.461823
0.398394
0.243861
0.028241
-0.209780
-0.433727
-0.618105
-0.752010
-0.836848
-0.879945
-0.887485
-0.860360
-0.794804
-0.687267
-0.540712
-0.368704
-0.194663
-0.045968
0.054811
0.097715
0.088620
0.046268
-0.005757
-0.048613
-0.075126
-0.091033
-0.110055
-0.145139
-0.199921
-0.264384
-0.316888
-0.331927
-0.290578
-0.189405
-0.044191
0.113110
0.243269
0.311500
0.298079
0.204497
0.053334
-0.117921
-0.267128
-0.358827
-0.373503
-0.312337
-0.196237
-0.059475
0.060322
0.133026
0.144528
0.100302
0.022741
-0.057071
-0.110587
-0.122296
-0.095777
-0.052994
-0.026788
-0.049007
-0.138317
-0.292004
-0.484695
-0.674552
-0.814927
-0.867713
-0.814184
-0.660192
-0.434539
-0.181422
0.050560
0.219771
0.300588
0.288326
0.199382
0.066880
-0.067172
-0.161658
-0.186122
-0.128342
0.002271
0.176761
0.354113
0.492502
0.561199
0.549500
0.469699
0.352917
0.239005
0.163832
0.148218
0.192210
0.276405
0.369514
0.439176
0.462090
0.430085
0.350544
0.241741
0.125404
0.019443
-0.066748
-0.133274
-0.187414
-0.239318
-0.297457
-0.365139
-0.438812
-0.508231
-0.558230
-0.571704
-0.533357
-0.433633
-0.272021
-0.058854
0.185198
0.432157
0.651738
0.817022
0.909265
0.920523
0.853699
0.720497
0.538460
0.328223
0.111537
-0.090203
-0.257692
-0.376322
-0.439458
-0.451211
-0.426950
-0.390264
-0.366367
-0.373759
-0.417204
-0.485135
-0.553115
-0.592537
-0.581359
-0.512547
-0.396617
-0.257128
-0.121058
-0.008269
0.075283
0.137701
0.194832
0.260718
0.339489
0.422652
0.493028
0.533380
0.535455
0.505005
0.460343
0.425119
0.418802
0.449310
0.511080
0.589026
0.666031
0.729984
0.776967
0.809515
0.831539
0.843434
0.840556
0.816260
0.767861
0.701865
0.634780
0.587892
0.577633
0.605850
0.655053
0.691882
0.678500
0.587809
0.416301
0.188918
-0.046579
-0.233976
-0.326398
-0.300929
-0.164914
0.047732
0.288024
0.506428
0.665158
0.744729
0.744015
0.675630
0.559620
0.418180
0.272645
0.142406
0.044562
-0.006914
-0.002817
0.059334
0.174017
0.327846
0.501252
0.671161
0.813909
0.907936
0.936212
0.888647
0.764561
0.574657
0.341424
0.096819
-0.123187
-0.286335
-0.371921
-0.376043
-0.312101
-0.206064
-0.088001
0.017076
0.095754
0.147925
0.183472
0.215782
0.255045
0.304096
0.358133
0.407847
0.444021
0.461330
0.459760
0.443395
0.417601
0.386183
0.349817
0.306174
0.251284
0.181198
0.093232
-0.013398
-0.137157
-0.273486
-0.413691
-0.543931
-0.645328
-0.696117
-0.676040
-0.572122
-0.384063
-0.127188
0.168527
0.463577
0.717057
0.895586
0.980596
0.972079
0.887939
0.759363
0.623428
0.514811
0.458311
0.463787
0.524497
0.619273
0.718139
0.790211
0.811940
0.773459
0.681105
0.555172
0.423473
0.312701
0.240451
0.210564
0.213286
0.229906
0.239899
0.227760
0.187003
0.120175
0.035451
-0.058223
-0.155047
-0.253632
-0.355283
-0.460464
-0.565475
-0.661199
-0.734797
-0.773815
-0.771022
-0.727902
-0.655283
-0.570698
-0.493366
-0.438515
-0.412950
-0.413168
-0.426423
-0.434193
-0.416931
-0.358853
-0.251794
-0.097578
0.091347
0.293044
0.479011
0.618811
0.686044
0.664835
0.555408
0.377001
0.166527
-0.027813
-0.157280
-0.185444
-0.099552
0.083398
0.318679
0.544468
0.698772
0.737804
0.649887
0.459844
0.221725
0.001619
-0.143977
-0.186890
-0.136410
-0.035388
0.055480
0.079575
0.004530
-0.166622
-0.397159
-0.630158
-0.808248
-0.892034
-0.870523
-0.760483
-0.596255
-0.415211
-0.245255
-0.099194
0.022791
0.125142
0.208336
0.264482
0.279471
0.240591
0.145621
0.008599
-0.141109
-0.266743
-0.336151
-0.333047
-0.262969
-0.151620
-0.036383
0.045531
0.067852
0.021326
-0.086305
-0.235348
-0.401527
-0.562695
-0.702931
-0.813560
-0.892024
-0.939944
-0.961474
-0.962226
-0.948472
-0.926147
-0.899620
-0.870662
-0.838356
-0.800338
-0.755105
-0.704375
-0.654226
-0.614164
-0.594251
-0.601426
-0.636659
-0.694244
-0.763510
-0.832066
-0.888920
-0.926089
-0.938241
-0.921236
-0.871151
-0.785191
-0.664632
-0.518359
-0.364547
-0.228254
-0.134423
-0.098210
-0.116571
-0.165513
-0.205700
-0.195832
-0.109502
0.050996
0.250222
0.427692
0.516992
0.469691
0.275400
-0.029929
-0.371330
-0.656066
-0.801865
-0.762600
-0.542698
-0.195604
0.192833
0.530114
0.743356
0.797864
0.702964
0.504577
0.268251
0.058841
-0.076721
-0.118985
-0.076237
0.023204
0.143161
0.251991
0.331494
0.380130
0.410280
0.441097
0.489684
0.563718
0.657948
0.755649
0.834303
0.873247
0.860356
0.795183
0.687518
0.552180
0.402545
0.245827
0.082376
-0.090659
-0.273034
-0.455656
-0.618511
-0.733919
-0.774408
-0.722292
-0.577133
-0.357937
-0.099038
0.158796
0.378707
0.535790
0.620357
0.636117
0.595047
0.511749
0.399722
0.270457
0.134577
0.003157
-0.112437
-0.202737
-0.263423
-0.297744
-0.316383
-0.334236
-0.365203
-0.417198
-0.489629
-0.574467
-0.660281
-0.737179
-0.800253
-0.849906
-0.889254
-0.920297
-0.941243
-0.946782
-0.931362
-0.893811
-0.840625
-0.785702
-0.745924
-0.734176
-0.752907
-0.791445
-0.828828
-0.841476
-0.812764
-0.740467
-0.638711
-0.533308
-0.452067
-0.413848
-0.420795
-0.456951
-0.494009
-0.502163
-0.462015
-0.373065
-0.255507
-0.144420
-0.078112
-0.084393
-0.169333
-0.312355
-0.469649
-0.585347
-0.607534
-0.504501
-0.276335
0.042016
0.387714
0.685635
0.868399
0.895045
0.762590
0.506788
0.191659
-0.108948
-0.331900
-0.440872
-0.433095
-0.335257
-0.190877
-0.044410
0.071957
0.144399
0.175300
0.175165
0.153204
0.111287
0.043940
-0.056065
-0.189812
-0.346464
-0.503029
-0.630418
-0.703363
-0.709842
-0.655585
-0.561416
-0.454431
-0.356849
-0.277549
-0.210114
-0.138262
-0.046146
0.071275
0.202653
0.322186
0.398359
0.405712
0.334519
0.194244
0.009527
-0.189207
-0.376106
-0.536675
-0.668377
-0.775587
-0.862146
-0.925802
-0.957653
-0.947002
-0.889034
-0.791147
-0.674139
-0.566890
-0.496348
-0.477019
-0.504656
-0.557136
-0.602373
-0.610089
-0.562660
-0.460800
-0.322249
-0.174610
-0.045744
0.044349
0.087519
0.086891
0.053351
0.001522
-0.052956
-0.094537
-0.108384
-0.081960
-0.008239
0.110394
0.259737
0.415098
0.547142
0.630781
0.653627
0.620111
0.548823
0.463680
0.382539
0.308514
0.228448
0.119914
-0.035878
-0.240976
-0.473723
-0.691939
-0.845942
-0.896555
-0.830785
-0.668322
-0.455733
-0.250202
-0.099137
-0.023748
-0.013092
-0.030857
-0.031944
0.017908
0.127278
0.274727
0.416361
0.502073
0.494048
0.380561
0.180209
-0.064509
-0.301452
-0.485505
-0.591746
-0.620842
-0.595355
-0.548851
-0.512041
-0.500944
-0.511163
-0.520167
-0.496673
-0.413843
-0.261662
-0.054043
0.172123
0.366114
0.478098
0.474765
0.350765
0.132025
-0.130361
-0.373902
-0.541858
-0.598413
-0.537298
-0.381505
-0.174757
0.032123
0.195380
0.288786
0.307755
0.266741
0.191705
0.110650
0.045361
0.006594
-0.006470
-0.003130
0.003954
0.003904
-0.008884
-0.033855
-0.066016
-0.099378
-0.130706
-0.162044
-0.200913
-0.257905
-0.342361
-0.457587
-0.597400
-0.745416
-0.877659
-0.967889
-0.994164
-0.944726
-0.821570
-0.640807
-0.429941
-0.222864
-0.053728
0.049188
0.068802
0.003040
-0.133487
-0.310653
-0.487338
-0.619206
-0.668594
-0.614260
-0.458046
-0.225902
0.037887
0.282122
0.462524
0.553525
0.554054
0.485425
0.382319
0.280429
0.205487
0.167592
0.162325
0.177260
0.200217
0.225227
0.253549
0.289710
0.335087
0.382784
0.416964
0.417626
0.369105
0.268581
0.130638
-0.014620
-0.129701
-0.181341
-0.151397
-0.043172
0.118899
0.295765
0.443996
0.526364
0.519851
0.419515
0.238193
0.003019
-0.249945
-0.481965
-0.658126
-0.753487
-0.758010
-0.679013
-0.539894
-0.374654
-0.219122
-0.101310
-0.034189
-0.013733
-0.023310
-0.042972
-0.059881
-0.075324
-0.104776
-0.170307
-0.288010
-0.455695
-0.646577
-0.812706
-0.898083
-0.857291
-0.672786
-0.363955
0.016134
0.395757
0.706234
0.902493
0.975030
0.949064
0.871636
0.791937
0.742643
0.729239
0.730957
0.712179
0.639082
0.494577
0.285706
0.041087
-0.199794
-0.400513
-0.539083
-0.612553
-0.633897
-0.623553
-0.599952
-0.573243
-0.544421
-0.509204
-0.463836
-0.409289
-0.351534
-0.297856
-0.251457
-0.207648
-0.154286
-0.077020
0.032613
0.169937
0.314478
0.433960
0.494255
0.471906
0.364482
0.194499
0.004864
-0.153100
-0.235276
-0.218809
-0.109887
0.057429
0.231046
0.356289
0.392166
0.323479
0.165110
-0.042737
-0.246851
-0.397118
-0.461485
-0.435168
-0.341237
-0.222389
-0.126562
-0.091126
-0.130940
-0.234340
-0.368386
-0.491416
-0.568309
-0.582849
-0.542719
-0.475494
-0.417416
-0.399509
-0.436416
-0.522019
-0.633058
-0.738691
-0.811782
-0.837400
-0.815633
-0.758498
-0.683207
-0.605240
-0.534159
-0.473305
-0.422449
-0.381116
-0.350370
-0.332036
-0.326039
-0.327704
-0.326953
-0.310268
-0.264809
-0.182868
-0.064696
0.081420
0.241554
0.399596
0.540099
0.649560
0.716374
0.730656
0.685180
0.577826
0.414574
0.211171
-0.008284
-0.216347
-0.389437
-0.514437
-0.591654
-0.632500
-0.652576
-0.663114
-0.664702
-0.646364
-0.590675
-0.482785
-0.319299
-0.112916
0.109421
0.314253
0.472008
0.565813
0.595332
0.574517
0.524802
0.466901
0.414484
0.371654
0.334200
0.293077
0.238141
0.160819
0.055541
-0.079401
-0.240870
-0.419801
-0.600881
-0.764121
-0.888821
-0.959101
-0.968911
-0.924130
-0.840352
-0.736951
-0.629902
-0.526827
-0.426743
-0.324779
-0.219416
-0.118213
-0.038393
-0.001048
-0.021032
-0.097191
-0.207993
-0.315552
-0.377297
-0.360875
-0.256104
-0.078835
0.134952
0.342261
0.507703
0.613521
0.661221
0.665044
0.641185
0.598377
0.534317
0.439315
0.304779
0.131913
-0.064019
-0.256128
-0.414043
-0.514036
-0.546657
-0.518758
-0.449483
-0.362403
-0.277389
-0.205334
-0.147177
-0.096568
-0.044288
0.017582
0.092897
0.180100
0.271783
0.354815
0.411421
0.422012
0.370225
0.249455
0.068668
-0.145377
-0.351780
-0.505132
-0.568552
-0.525524
-0.385735
-0.182150
0.039964
0.237886
0.384240
0.472644
0.514218
0.527077
0.523992
0.504169
0.453039
0.350147
0.181382
-0.050238
-0.320403
-0.588120
-0.807342
-0.940855
-0.970835
-0.902179
-0.757991
-0.569827
-0.367202
-0.170519
0.010491
0.173435
0.317756
0.440260
0.533827
0.589521
0.600531
0.565639
0.490394
0.385537
0.263632
0.135634
0.008933
-0.112487
-0.226262
-0.329415
-0.416859
-0.481304
-0.514444
-0.508825
-0.459744
-0.366746
-0.234702
-0.074472
0.097014
0.257793
0.383637
0.452774
0.451919
0.381938
0.260903
0.122544
0.009387
-0.038250
0.005589
0.143104
0.349581
0.578171
0.771697
0.878239
0.865777
0.731424
0.502437
0.228786
-0.030278
-0.221531
-0.310446
-0.287823
-0.169033
0.013092
0.218919
0.412617
0.569543
0.678656
0.740074
0.759490
0.742133
0.688798
0.595539
0.456981
0.271786
0.047821
-0.195378
-0.428378
-0.617814
-0.734947
-0.764143
-0.708400
-0.589902
-0.445047
-0.315139
-0.235318
-0.224870
-0.281741
-0.382867
-0.490350
-0.561865
-0.562539
-0.475099
-0.305531
-0.082600
0.148802
0.338883
0.445868
0.447165
0.345714
0.169695
-0.034431
-0.213670
-0.321808
-0.330600
-0.235868
-0.057068
0.169091
0.398756
0.591606
0.719162
0.768844
0.743481
0.657361
0.530728
0.384625
0.237327
0.102682
-0.010094
-0.095904
-0.153140
-0.183076
-0.189088
-0.175422
-0.145521
-0.100418
-0.037974
0.046288
0.156627
0.293452
0.450073
0.611478
0.756276
0.861812
0.911028
0.898663
0.834194
0.739861
0.643864
0.570755
0.532410
0.523083
0.520769
0.494832
0.417397
0.274396
0.072069
-0.163732
-0.395387
-0.585712
-0.710020
-0.763570
-0.761741
-0.733117
-0.708375
-0.709363
-0.742377
-0.797727
-0.854956
-0.890915
-0.887121
-0.833654
-0.728964
-0.576983
-0.384148
-0.158490
0.088673
0.339942
0.570652
0.751697
0.856814
0.872262
0.804767
0.683482
0.553541
0.462291
0.442695
0.500341
0.609787
0.722657
0.785337
0.759939
0.640488
0.457632
0.269410
0.140971
0.120529
0.220605
0.411698
0.631090
0.803724
0.867717
0.795299
0.601820
0.339896
0.081194
-0.107232
-0.183524
-0.141479
-0.007954
0.170802
0.347849
0.491802
0.594563
0.668276
0.733739
0.806054
0.884187
0.949379
0.973281
0.932318
0.821827
0.663200
0.500053
0.383947
0.354884
0.424298
0.567761
0.730941
0.847096
0.859696
0.741636
0.503820
0.190206
-0.138236
-0.423959
-0.629636
-0.745358
-0.784654
-0.772460
-0.731219
-0.671339
-0.589625
-0.475273
-0.319609
-0.124410
0.095173
0.314137
0.505519
0.648745
0.734730
0.765952
0.752266
0.705047
0.632591
0.538521
0.423140
0.286259
0.129628
-0.042106
-0.221803
-0.400644
-0.568459
-0.713511
-0.822678
-0.883253
-0.886818
-0.834117
-0.738503
-0.625212
-0.525187
-0.464628
-0.454081
-0.481957
-0.516249
-0.514974
-0.442007
-0.282087
-0.048617
0.219450
0.470829
0.660065
0.763293
0.785301
0.755353
0.714053
0.697130
0.722883
0.787899
0.871611
0.946556
0.989154
0.986627
0.938296
0.852574
0.742735
0.624187
0.514044
0.431379
0.395546
0.420835
0.508368
0.638916
0.771448
0.850865
0.824486
0.662442
0.374014
0.012229
-0.337219
-0.580652
-0.646813
-0.512171
-0.211470
0.170939
0.526497
0.755901
0.799169
0.652329
0.365807
0.026131
-0.271936
-0.453180
-0.481053
-0.363284
-0.144138
0.112470
0.342618
0.498686
0.558295
0.524729
0.420354
0.276247
0.121720
-0.023159
-0.150268
-0.261267
-0.361974
-0.455754
-0.538641
-0.598233
-0.616996
-0.578841
-0.476443
-0.316245
-0.118881
0.085560
0.265831
0.398293
0.472732
0.492988
0.472346
0.425849
0.363022
0.284215
0.182137
0.047740
-0.122338
-0.320275
-0.526104
-0.711861
-0.849155
-0.917078
-0.907356
-0.825046
-0.685006
-0.506175
-0.306221
-0.098637
0.107193
0.303846
0.483428
0.636413
0.752410
0.822287
0.840391
0.805727
0.721676
0.594823
0.433952
0.250028
0.057119
-0.126811
-0.280720
-0.383938
-0.421948
-0.392668
-0.310445
-0.205277
-0.116299
-0.080877
-0.122704
-0.243100
-0.418909
-0.608112
-0.761475
-0.836369
-0.808225
-0.676149
-0.461491
-0.200750
0.064133
0.294763
0.462245
0.549610
0.551685
0.474020
0.331970
0.149911
-0.040438
-0.203808
-0.307713
-0.330204
-0.266612
-0.132370
0.040005
0.209740
0.339975
0.409240
0.418070
0.388129
0.353930
0.349950
0.397704
0.497325
0.626570
0.747486
0.818337
0.806749
0.699944
0.509115
0.267073
0.020326
-0.181952
-0.299135
-0.308056
-0.207955
-0.020767
0.213161
0.443130
0.618563
0.699934
0.667804
0.527663
0.308965
0.058147
-0.172830
-0.339307
-0.414386
-0.393835
-0.294094
-0.144413
0.023740
0.185959
0.329522
0.452068
0.555642
0.639447
0.695174
0.707590
0.660576
0.546138
0.372237
0.165405
-0.033934
-0.182494
-0.247802
-0.219373
-0.113000
0.033800
0.173727
0.264855
0.283637
0.231355
0.132177
0.024091
-0.053610
-0.071849
-0.018747
0.099326
0.261784
0.440585
0.607105
0.737359
0.815031
0.832784
0.792552
0.705092
0.588454
0.464776
0.355314
0.274630
0.225861
0.199307
0.175671
0.133507
0.058382
-0.049968
-0.175872
-0.292800
-0.373797
-0.403247
-0.384909
-0.342345
-0.310826
-0.323493
-0.397183
-0.523814
-0.671219
-0.793513
-0.847195
-0.806800
-0.674081
-0.477387
-0.261851
-0.074594
0.049198
0.094325
0.065636
-0.018521
-0.135487
-0.265710
-0.395497
-0.515042
-0.614212
-0.679617
-0.695584
-0.649334
-0.538090
-0.374394
-0.186353
-0.011683
0.112721
0.161793
0.129495
0.029400
-0.111379
-0.262132
-0.398127
-0.506048
-0.583710
-0.635251
-0.665037
-0.673856
-0.659445
-0.620872
-0.563940
-0.503916
-0.463013
-0.462572
-0.512836
-0.604927
-0.709358
-0.783011
-0.783018
-0.682784
-0.484099
-0.220275
0.051492
0.266360
0.371199
0.340420
0.182923
-0.061906
-0.337262
-0.586105
-0.766410
-0.859593
-0.870086
-0.817398
-0.724606
-0.608155
-0.472843
-0.313596
-0.122736
0.100624
0.343279
0.576090
0.758882
0.850808
0.822763
0.667534
0.403984
0.073543
-0.270085
-0.574757
-0.802791
-0.938812
-0.990262
-0.980960
-0.940449
-0.893286
-0.851985
-0.815747
-0.774489
-0.715785
-0.631318
-0.520180
-0.388079
-0.243578
-0.093813
0.057874
0.211161
0.365481
0.516343
0.653655
0.763493
0.832904
0.855680
0.836236
0.789440
0.735979
0.694930
0.676507
0.677991
0.684541
0.674514
0.627197
0.530024
0.382857
0.198243
-0.001821
-0.191153
-0.344918
-0.444260
-0.479509
-0.451906
-0.373750
-0.266665
-0.157630
-0.072920
-0.031098
-0.037143
-0.080158
-0.136272
-0.176533
-0.177439
-0.130253
-0.045288
0.050927
0.124883
0.148278
0.108420
0.012709
-0.114452
-0.240871
-0.338046
-0.390345
-0.398623
-0.377550
-0.348509
-0.331371
-0.338334
-0.371467
-0.423776
-0.482262
-0.531299
-0.555423
-0.541695
-0.482261
-0.377423
-0.238400
-0.088112
0.041750
0.117884
0.115278
0.026509
-0.133483
-0.329878
-0.517730
-0.655952
-0.720455
-0.711363
-0.651397
-0.576016
-0.519146
-0.500038
-0.516200
-0.544804
-0.551667
-0.504130
-0.383071
-0.190086
0.052082
0.305299
0.525669
0.673981
0.724314
0.669074
0.519823
0.304095
0.059064
-0.176589
-0.370822
-0.504426
-0.573580
-0.588023
-0.565484
-0.524464
-0.478095
-0.431494
-0.383416
-0.331022
-0.275012
-0.222078
-0.182931
-0.166446
-0.172754
-0.189056
-0.191104
-0.150787
-0.047271
0.122928
0.341595
0.572700
0.773613
0.909489
0.965165
0.949787
0.892382
0.830268
0.795050
0.801751
0.845028
0.903454
0.949484
0.960846
0.928927
0.861340
0.778469
0.705850
0.665530
0.669232
0.715091
0.788340
0.865215
0.918894
0.926176
0.873613
0.761909
0.607254
0.438730
0.291606
0.197754
0.175723
0.223847
0.319286
0.424217
0.497768
0.509890
0.452144
0.341114
0.212688
0.108937
0.062290
0.083020
0.154923
0.241008
0.297155
0.288527
0.202507
0.053289
-0.123428
-0.283338
-0.388866
-0.421066
-0.383840
-0.299462
-0.197901
-0.104665
-0.032173
0.022257
0.071669
0.130774
0.207570
0.299078
0.392918
0.473626
0.530444
0.562711
0.580180
0.598043
0.628987
0.676063
0.729875
0.771660
0.781072
0.745334
0.665559
0.557288
0.444733
0.351049
0.288788
0.254665
0.230994
0.193298
0.120947
0.006435
-0.140495
-0.295431
-0.427372
-0.508881
-0.524287
-0.472973
-0.367052
-0.225081
-0.064923
0.101152
0.267419
0.431957
0.592166
0.741106
0.866624
0.953789
0.989569
0.967719
0.891820
0.775299
0.638503
0.503962
0.391426
0.313997
0.276033
0.272824
0.291658
0.313938
0.318215
0.284083
0.196683
0.051042
-0.145017
-0.370758
-0.596020
-0.787959
-0.919349
-0.975800
-0.959244
-0.886198
-0.781159
-0.667457
-0.559108
-0.456889
-0.350357
-0.225023
-0.071676
0.106218
0.290521
0.453138
0.565885
0.611668
0.592263
0.529227
0.457115
0.411341
0.415298
0.471801
0.562213
0.653655
0.711417
0.711738
0.650059
0.541834
0.416033
0.304317
0.230388
0.203523
0.218271
0.259530
0.310092
0.357049
0.394412
0.421407
0.438068
0.441012
0.422084
0.370997
0.281017
0.155027
0.008829
-0.130532
-0.231597
-0.268485
-0.230515
-0.127785
0.009734
0.139788
0.220002
0.220767
0.134723
-0.020339
-0.206200
-0.375151
-0.483778
-0.505284
-0.436532
-0.297729
-0.125073
0.041031
0.168169
0.240471
0.260858
0.246579
0.220084
0.198846
0.188075
0.178993
0.153215
0.091394
-0.017259
-0.168253
-0.340400
-0.500260
-0.610858
-0.641728
-0.577080
-0.419740
-0.190081
0.079272
0.351075
0.591200
0.774585
0.888322
0.931645
0.913411
0.848068
0.751405
0.637222
0.515739
0.393912
0.277123
0.171118
0.082872
0.019527
-0.014553
-0.021413
-0.011878
-0.004854
-0.022820
-0.084474
-0.197147
-0.352194
-0.525864
-0.686049
-0.802843
-0.858943
-0.855702
-0.812215
-0.757667
-0.720075
-0.716071
-0.745951
-0.795777
-0.845219
-0.877271
-0.885331
-0.874593
-0.857558
-0.846281
-0.845462
-0.849844
-0.847012
-0.823936
-0.773606
-0.698243
-0.607393
-0.512050
-0.418130
-0.323078
-0.217826
-0.093502
0.050366
0.200506
0.330673
0.409026
0.409461
0.322199
0.159107
-0.048591
-0.259273
-0.432880
-0.541168
-0.572707
-0.531696
-0.432438
-0.292922
-0.130698
0.037665
0.194587
0.319631
0.390470
0.387676
0.301980
0.140780
-0.069633
-0.288228
-0.469147
-0.574220
-0.583564
-0.500344
-0.348050
-0.161606
0.024065
0.183609
0.305683
0.391339
0.448020
0.482446
0.495748
0.482849
0.435942
0.350106
0.228257
0.083148
-0.064428
-0.190399
-0.273162
-0.298207
-0.260253
-0.162795
-0.015994
0.165738
0.365452
0.564523
0.743253
0.882108
0.964123
0.978151
0.921828
0.802822
0.637385
0.446273
0.249330
0.060718
-0.113328
-0.273392
-0.423067
-0.564341
-0.694478
-0.805999
-0.889865
-0.940287
-0.958649
-0.954246
-0.940895
-0.930510
-0.926321
-0.918971
-0.887758
-0.807227
-0.657004
-0.431198
-0.143632
0.173367
0.476477
0.722696
0.880596
0.937882
0.903084
0.801473
0.667120
0.533997
0.428760
0.366690
0.350959
0.374334
0.422177
0.475817
0.515910
0.525735
0.494305
0.418910
0.306417
0.172640
0.039564
-0.069115
-0.133077
-0.139758
-0.086947
0.016888
0.154401
0.302684
0.437404
0.537167
0.587597
0.584342
0.534865
